0    8    9   17   23   26   39   11   34   20   21    5    5   36   12    8   29    4   17   23  174  125  174   22   86   68   86   39  170   28
    6    0    8   30    5   14   17   28    5   31   29   10   26   16   27    4   14    3   32   24  119   84   91   17   67   45   49   78   57   42
    9   14    0   29   33   17   44    5   18    8    5   14   34   41   22    2   36   27   25    5   64  160   44   27  110   36   17   39   65   53
   19   15   13    0   18   24   12    4   33   28   12    7   30   27   26    7   40   31   20   14  193  199   44   43   90   17   68   22   96    9
    7   24    4   30    0    5   20    5   10    5   17    5   35   46   20    7   35    6   28   10  113  128   20   20  132   14   56  127   30    6
   23    3   16   18    8    0    9   17   28   44    8   11   25   13   14    5   35    5   35   24   73  141  153   52  169   81   43   61   90   16
   13    7   16   24    5   37    0   20    7   16    8   15   19   25   27    3   28   24   19   26  213  114  168   35  164   95   54  123   81   36
   22   11   19   30    4   39   35    0   21   32   18    7   15   12   16    2   24   17   35    7   32  131   64   13  107   26   73   28   90   36
   10   14    6   28   20   42   16   22    0   39   25   19   29   22   11    8   10   24    4   22  135  191  142   46   40   79   14   96  171   30
   26   21   19   22   33   31   26   19    5    0   22   17   13   20   19    7   41    7   28   14  169   65  127    6  102  100   38  144   45   28
   13   20    4    4   11   23    8   12   15   16    0   17   10   37    3    9   12    8   14   15   89   83   26   47  167   67   60   59  124   33
   30   18   13   17   32   25   15   19   26   21   16    0   16    5   11    9   25    7   12   15  231   88   88   40  176   81   42   32  149   56
   22   21   17   11   23   30   23   11   18    6   22   14    0   10   26    4   19   10   27    4  114  136   26   37   62   73   40  132   81   55
   10    7   20   27    3   26   27   24   24   46   18   18   16    0    9    7   32   25   17    3  123   92   52   53   33   91   71  153  100   21
   27   16   11   19    4   10   17   19   13   37    3   23   36   42    0    7   20   17   32   28  133   99  103   38   52   72   21  101  175   52
   13    6   10    8   23   19   41   17   27    6   14   12   19   37   20    0   20   19    6   20  109   91  114   29   35   63   44  135  127   24
   10    4   15   23   27   33   32   18   14   39   20   21   33   19   26    9    0   18    8   24  136  159   83   27   66  100   52   96  158   18
   33   18   19   18   26   45   27    6   19   46   30   15   10   29   18    2   20    0   26   14   72  189  119   48  159   96  102   71   83   52
   27   20    5   15   24   19   36   26   29   13   21    9   33   39   29    3   35   33    0    5  204  144  195   33  157   70   49   54   55   37
   21   13   15    4   29   18   11   20   27   34   14    7   24   15   34    9   38   32   21    0  147  161   96   22   25   24   61   74   85   11
   26   12    3   24   30   42   22   13   18   17   22   24   38   34   14   10   33   24   36   18    0   44  136   48   36   21   42   87  170   22
   23    6    8   23    9   19   14   24   17    9   16   15   33   46   12    8   33    3   31    8   38    0   33   36   63   45   93   24   67   45
   11   21   13    8   20   24   39    6   10   46   12   12   24   40   11    7   10   32   24   11   74  121    0   13   71   33   57  117   86   52
   12    9   12   11   33   24   41   14    5   25    5    6   13   12   23    5   13    7   27   21  255  197   63    0  150   94   86  133  142   11
   24   14   13   10   16   14   10   17   22   10   15   20    6   45   14    5    7   20   19   21  251   28   38   22    0   27   20  108   34   57
   31   21   19   22    4   24   15   20   24   25   16   10    6   40   13    7   16    8   17    4   93  112   77   16  118    0   67  126  144   50
   25    9    4   23    8   14   23    4   26   44   29   27   36   40    9    9   15   33   19   12   74   31   78   52  136   49    0   60   20   48
   10   12    8   26   21   33   22   16   13   17   13   11   10   32   20    3   19   28   31   20  133  195   41   15   87   37   80    0   88   38
   22   25   19   11   27   12   32   19   33   27   15    4   39    9    6    3   31   19   15   12  149  190  179   27   93   68   41  129    0   58
   20   11   16   17   31   36   44    3    9   15   26   14   37    5   23    6   38   20   16    8  157  177   29   33   42   45   13  188   91    0
   
   
          0       1       2       3       4       5 	   1       2       3       4       5       6       2       3       4       5       6       7       3       4       5       6       7       8       4       5       6       7       8       9
	   1       0       1       2       3       4       2       1       2       3       4       5       3       2       3       4       5       6       4       3       4       5       6       7       5       4       5       6       7       8       
	   2       1       0       1       2       3       3       2       1       2       3       4       4       3       2       3       4       5       5       4       3       4       5       6       6       5       4       5       6       7
       3       2       1       0       1       2       4       3       2       1       2       3       5       4       3       2       3       4       6       5       4       3       4       5       7       6       5       4       5       6
       4       3       2       1       0       1       5       4       3       2       1       2       6       5       4       3       2       3       7       6       5       4       3       4       8       7       6       5       4       5
       5       4       3       2       1       0       6       5       4       3       2       1       7       6       5       4       3       2       8       7       6       5       4       3       9       8       7       6       5       4
       1       2       3       4       5       6       0       1       2       3       4       5       1       2       3       4       5       6       2       3       4       5       6       7
       3       4       5       6       7       8       2       1       2       3       4       5       1       0       1       
	   2       3       4       2       1       2       3       4       5       3       2       3       4       5       6
       4       3       4       5       6       7       3       2       1       2       3       4       2       1       0       
	   1       2       3       3       2       1       2       3       4       4       3       2       3       4       5
       5       4       3       4       5       6       4       3       2       1       2       3       3       2       1       
	   0       1       2       4       3       2       1       2       3       5       4       3       2       3       4
       6       5       4       3       4       5       5       4       3       2       1       2       4       3       2       
	   1       0       1       5       4       3       2       1       2       6       5       4       3       2       3
       7       6       5       4       3       4       6       5       4       3       2       1       5       4       3       
	   2       1       0       6       5       4       3       2       1       7       6       5       4       3       2       
	   8       7       6       5       4       3       2       3       4       5       6       7       1       2       3       
	   4       5       6       0       1       2       3       4       5       1       2       3       4       5       6
       2       3       4       5       6       7       3       2       3       4       5       6       2       1       2       
	   3       4       5       1       0       1       2       3       4       2       1       2       3       4       5
       3       2       3       4       5       6       4       3       2       3       4       5       3       2       1       
	   2       3       4
       2       1       0       1       2       3
       3       2       1       2       3       4
       4       3       2       3       4       5
       5       4       3       2       3       4
       4       3       2       1       2       3
       3       2       1       0       1       2
       4       3       2       1       2       3
       5       4       3       2       3       4
       6       5       4       3       2       3
       5       4       3       2       1       2
       4       3       2       1       0       1
       5       4       3       2       1       2
       6       5       4       3       2       3
       7       6       5       4       3       2
       6       5       4       3       2       1
       5       4       3       2       1       0
       6       5       4       3       2       1
       7       6       5       4       3       2
       3       4       5       6       7       8
       2       3       4       5       6       7
       1       2       3       4       5       6
       0       1       2       3       4       5
       1       2       3       4       5       6
       4       3       4       5       6       7
       3       2       3       4       5       6
       2       1       2       3       4       5
       1       0       1       2       3       4
       2       1       2       3       4       5
       5       4       3       4       5       6
       4       3       2       3       4       5
       3       2       1       2       3       4
       2       1       0       1       2       3
       3       2       1       2       3       4
       6       5       4       3       4       5
       5       4       3       2       3       4
       4       3       2       1       2       3
       3       2       1       0       1       2
       4       3       2       1       2       3
       7       6       5       4       3       4
       6       5       4       3       2       3
       5       4       3       2       1       2
       4       3       2       1       0       1
       5       4       3       2       1       2
       8       7       6       5       4       3
       7       6       5       4       3       2
       6       5       4       3       2       1
       5       4       3       2       1       0
       6       5       4       3       2       1
       4       5       6       7       8       9
       3       4       5       6       7       8
       2       3       4       5       6       7
       1       2       3       4       5       6
       0       1       2       3       4       5
       5       4       5       6       7       8
       4       3       4       5       6       7
       3       2       3       4       5       6
       2       1       2       3       4       5
       1       0       1       2       3       4
       6       5       4       5       6       7
       5       4       3       4       5       6
       4       3       2       3       4       5
       3       2       1       2       3       4
       2       1       0       1       2       3
       7       6       5       4       5       6
       6       5       4       3       4       5
       5       4       3       2       3       4
       4       3       2       1       2       3
       3       2       1       0       1       2
       8       7       6       5       4       5
       7       6       5       4       3       4
       6       5       4       3       2       3
       5       4       3       2       1       2
       4       3       2       1       0       1
       9       8       7       6       5       4
       8       7       6       5       4       3
       7       6       5       4       3       2
       6       5       4       3       2       1
       5       4       3       2       1       0