 0    2   23   19    7   45   17   28   35   23    9   32   18   11    3    7   12   16   18   26   29   40  244  187  141   66   47   58   86  123
   20    0   12   11   15   23   18   18   17   16    3    6   26   11    5   21    4   17    4   28   12  171  108   88   60   42   78   55   35  207
   24   10    0    6    7    5   10    6   33   25    4   29   11   22   14    5    4   21   11   18   41  149  166   95   73  134   53   41  194  163
    7   11   16    0   17   13   17   17   21   21    5   22    9   16   16   21    8   12   18    8   31   74   27  156   27   87   13   32  145  169
   35    5   17    8    0   32   17   27   33   12    7   45   17    4    9   18   10   30   15   16   28  180   87   78   78  158   43   69  187  157
   16   15   19   15    4    0    5   28   10   10   14   32   12   19    4   10    4   33    8   28    7  190   70   70   36   62   80   10   58  207
    4   14   11    7    8   27    0    7    5   13   19   14   27   12   12   18   11   23   13    6   45  168   30  144   61   55   79   45  131  148
    9    9    8    9   10   41   18    0   10   20    3   21   29   11   10    7    5   13    8   14    7   20  212  132  132  122   40   31  141  205
   35    7    3   16    8   30   11   11    0    8   18   15    6    4   17   15    8    7    4   16   27  183  197   22  102  128    9   37   55   74
    5   12    7    4   13   25    9    5   20    0   20   30   16    6    4    5    8   28    2   22   13  107  204  201   79   97   26   69   49   26
   24   16    6   25    6   27    5    6    9   18    0   40   17   14    8   22   12   12   19    5   39  159  189   71  128  191   22   75  108   62
    9   11   21   12   11   17    9   13   29   21   16    0   28   25   16   24    2   16   18   20    6  169  222   97   62  108   18   23   45  140
    8   11   17   18   17   16   10   11   14   20   18   50    0   20   12   18   12   13   11   32    5  135   49   39   29  125   52   72  193  208
   35    8   12    4   10   26   18    8   37   21   20   27   10    0   10    4   12   19   15   18    7  126   25   66   56  112   18   19  124   53
   33    3   14    4   14   24   18   14   42   20    2   40   26    9    0    6    5    5   14   14   39  110  114   92   99  163   74   50   41  225
   12    7   15    3    3   34   12   29   42    5    2   46    4   14   12    0    3    7   16   17    8   93   71   88   32  155   41   37  194  129
   15    2    5   10   14   15   13    5   33   18   16   12    9   22   11   22    0    5   19   11   24   68  137  176   22   57   25   66  114  140
   27    2   21   10    4   31    8    6   35   22   19    7   20   27   13    9   10    0   16   18   10  136  111   29  104  136   38   30   26  113
   15   13   17   17    9   28    5    8   13   22   10   26    6    4   12    2   11   21    0   11   28   31   67   95  100   40   40   45   72  191
   14    6   11   14   17   34   22   24   23    8   18   10   27   10    3   14    9   19    4    0    7  173   65   95  113   96   29   17  137   80
   12    5   15    8   15   28   14   24   34   14   16   34    8   20    4   10    6    8    3    5    0  103  200   25   34   83   19   73  192   42
   19   13   16   21   10   39   12    5   18   15    2   16    8    8    7    4   10   30   10   24   46    0  174  204  130  111   20   58  168  163
    6    3   18   24   16   19    9   15   23   17   15   24   17   18    2   14    1    7    8   24   25  189    0   93  135  126   52   71   40  214
   34    6   13    6   11   42   19    4   30    3   15   16   29   11    5    9   11   17    2   11   46   24  233    0   91   91   65   75  106   51
   23    6   13   16    7   33    2   22   33   10    9   20   13   20    3   21   12   13   20   31   29  146   26  187    0  194   76   52   71   62
   22    3   22   16   15   30   14    5   41    5   14   26   24    8    9   12    7   27   11   29   31   86   42   62   44    0   63   13  188   25
   25    2   17   26    9   35   19   25   29    4   17   20   20   18    5   18    7   19   14   18   15  178   32  112   43  158    0   39  163   61
   35    9    6   18    7   42   17   24   22   12    5   44   18   10   16    3   11   13    4    3   31   78  147   61   78  138   21    0  131  190
   10    4   21   11   14   11   22   19   23   14    7    8   22   27    3   23    8    5   15   20   46   59   46   72   92   88   78   58    0  186
   25   15   19   18    7   30    3    6   10    9   12   13   15   16    8   21    3   12    7   22   43  186  161   86   39  102   77   28   50    0
   
   
          0       1       2       3       4       5 	   1       2       3       4       5       6       2       3       4       5       6       7       3       4       5       6       7       8       4       5       6       7       8       9
	   1       0       1       2       3       4       2       1       2       3       4       5       3       2       3       4       5       6       4       3       4       5       6       7       5       4       5       6       7       8       
	   2       1       0       1       2       3       3       2       1       2       3       4       4       3       2       3       4       5       5       4       3       4       5       6       6       5       4       5       6       7
       3       2       1       0       1       2       4       3       2       1       2       3       5       4       3       2       3       4       6       5       4       3       4       5       7       6       5       4       5       6
       4       3       2       1       0       1       5       4       3       2       1       2       6       5       4       3       2       3       7       6       5       4       3       4       8       7       6       5       4       5
       5       4       3       2       1       0       6       5       4       3       2       1       7       6       5       4       3       2       8       7       6       5       4       3       9       8       7       6       5       4
       1       2       3       4       5       6       0       1       2       3       4       5       1       2       3       4       5       6       2       3       4       5       6       7
       3       4       5       6       7       8       2       1       2       3       4       5       1       0       1       
	   2       3       4       2       1       2       3       4       5       3       2       3       4       5       6
       4       3       4       5       6       7       3       2       1       2       3       4       2       1       0       
	   1       2       3       3       2       1       2       3       4       4       3       2       3       4       5
       5       4       3       4       5       6       4       3       2       1       2       3       3       2       1       
	   0       1       2       4       3       2       1       2       3       5       4       3       2       3       4
       6       5       4       3       4       5       5       4       3       2       1       2       4       3       2       
	   1       0       1       5       4       3       2       1       2       6       5       4       3       2       3
       7       6       5       4       3       4       6       5       4       3       2       1       5       4       3       
	   2       1       0       6       5       4       3       2       1       7       6       5       4       3       2       
	   8       7       6       5       4       3       2       3       4       5       6       7       1       2       3       
	   4       5       6       0       1       2       3       4       5       1       2       3       4       5       6
       2       3       4       5       6       7       3       2       3       4       5       6       2       1       2       
	   3       4       5       1       0       1       2       3       4       2       1       2       3       4       5
       3       2       3       4       5       6       4       3       2       3       4       5       3       2       1       
	   2       3       4
       2       1       0       1       2       3
       3       2       1       2       3       4
       4       3       2       3       4       5
       5       4       3       2       3       4
       4       3       2       1       2       3
       3       2       1       0       1       2
       4       3       2       1       2       3
       5       4       3       2       3       4
       6       5       4       3       2       3
       5       4       3       2       1       2
       4       3       2       1       0       1
       5       4       3       2       1       2
       6       5       4       3       2       3
       7       6       5       4       3       2
       6       5       4       3       2       1
       5       4       3       2       1       0
       6       5       4       3       2       1
       7       6       5       4       3       2
       3       4       5       6       7       8
       2       3       4       5       6       7
       1       2       3       4       5       6
       0       1       2       3       4       5
       1       2       3       4       5       6
       4       3       4       5       6       7
       3       2       3       4       5       6
       2       1       2       3       4       5
       1       0       1       2       3       4
       2       1       2       3       4       5
       5       4       3       4       5       6
       4       3       2       3       4       5
       3       2       1       2       3       4
       2       1       0       1       2       3
       3       2       1       2       3       4
       6       5       4       3       4       5
       5       4       3       2       3       4
       4       3       2       1       2       3
       3       2       1       0       1       2
       4       3       2       1       2       3
       7       6       5       4       3       4
       6       5       4       3       2       3
       5       4       3       2       1       2
       4       3       2       1       0       1
       5       4       3       2       1       2
       8       7       6       5       4       3
       7       6       5       4       3       2
       6       5       4       3       2       1
       5       4       3       2       1       0
       6       5       4       3       2       1
       4       5       6       7       8       9
       3       4       5       6       7       8
       2       3       4       5       6       7
       1       2       3       4       5       6
       0       1       2       3       4       5
       5       4       5       6       7       8
       4       3       4       5       6       7
       3       2       3       4       5       6
       2       1       2       3       4       5
       1       0       1       2       3       4
       6       5       4       5       6       7
       5       4       3       4       5       6
       4       3       2       3       4       5
       3       2       1       2       3       4
       2       1       0       1       2       3
       7       6       5       4       5       6
       6       5       4       3       4       5
       5       4       3       2       3       4
       4       3       2       1       2       3
       3       2       1       0       1       2
       8       7       6       5       4       5
       7       6       5       4       3       4
       6       5       4       3       2       3
       5       4       3       2       1       2
       4       3       2       1       0       1
       9       8       7       6       5       4
       8       7       6       5       4       3
       7       6       5       4       3       2
       6       5       4       3       2       1
       5       4       3       2       1       0