0   20    2   38   20   15    3    4   11   23   28  162  209   51  132   57   66   35   58   86    7    7   27   18   20   10   16   40   14   12
   32    0   18    9    3    9    8   19    9   33    9  177   44  114  223   84  175   88   73   33   23   26    6   11    5   16   29   31   16   18
   30   15    0   21    8   21    5   27   14   20   20   42  148  104   31   83   84   47   81   15    7   27   26    2    6   17   12   10   31   15
    3    9   17    0   18   12    5   25    7   25   42  124   68  109  240   31   33   33   21   81   22   28   50   14   33   16   25   24    4    7
   13   28   11    5    0   15    8   26   11   23   18   54   63   98  217   53   92   42  187   81   19   25   12   10   44   15   20   40    4   17
    5   19    7   26   16    0    5   34   25   30   35   50  145  127  228   18  176   42   36   58   26   20   47    4   31   15   28    6   14   27
    5    3   13   16   17   19    0   36    7   31   22   43  221  133  167  120  151   55  116   14   22    4   10   14   28    6   19   40   20   21
   31   26   18    8   11   28    7    0   21   18   42   59   98   90  163   87  119   26   73   26   12   16   27    9   10   15   32   17   11    8
   21   16   17   15   10   36    5   19    0    4   11  130  132   89   61   19  162   49   92   80   24   24   44   10   32   17   27   33   31   11
   27   18   17    9    6   13   10   13   17    0   44   94  107   49   66   89   27   19   50   88   18   14   37    5   27   21   18   40   27   10
   11   12    4   22   14   28   12    7   19   13    0   37  121  134  102   93   59   36   97   91   16    4   16   17   29    4   10    6   16    8
   22   25    4    9   13   36   12    5   25   27   44    0   49  118  193   64  111   19  109   81   23    4   27    3   51   21   11    4    8    5
   10   13    6   26    3   12   11   39   20   11   22   32    0  122   75   13  163   16   27   81    7   30   36   20   48    3   18    9   25   12
   20   19   15   17   16    5    3   24   25   32   28   51  116    0  175   22   92   81   88   39    6    4    7   19   41    2   27   31   27   25
   16    4    9   41   20   25   13   22   17   33   26  137  166   14    0  106  179   74   89   17    7   25   15   12   17   19   33   39   34   27
    9   21   12   25   11   31    5    7    8   29   17  153   24  111   73    0   39   28  123   55   17   11   38   11   41   16    9   11   23    9
   17   26    5   15   22   24   10   35   19    6   33   49  143   51  195  119    0   24   60   71   22   21   49    6   28    8   22   23   13   26
   27   25    5   15    4   27    7   19   10   15   33  156  174  122  171  113   37    0   84   25   22   18   15    3   33    5   25   25   11   10
    8   22   10   36    6   30    4   35    9   23   40  126  140   40  106  115  118   61    0   29   16   28   50    3   10    9   19   11   26   20
   35   18    2   38   12   25    4   15   17   29   40  171  204  118  259   36   82   68  115    0    3   15   30    6   36    4   23   27   13   12
    5   14   19    7    2   40    2   10    5   29    7   97  208  103   89  119   26   82  187   93    0   12   26   20   53    5    4   19   31   19
    5   16   16    9    7   11    3    4   25    8   42  110  102   99  102   38  128   51   68   64   19    0   15   14    8   18   17   42   14    3
   21   23   11   21   10    6   13   31   21   27   34  185   90   36  213   96  109   55   55   63    6   26    0   12   11   21   26    7   26   10
   17    4    7   20    3   32    4   11    5   27   31  159  141  104   80   92   48   15   93   76   19   26    7    0    8    6   33   11   30   11
   19    9   18   28   15    6   11   39   17   20   28   29  121  113  261  117  124   38   43   48   14   22   49    5    0   15   16   37   21   14
   28    8   20   40   20    6    2   39   11   15   17  172   99   43   35   93   58   18   36   75   10    8   46    3   14    0   29    7   17    5
   33    8    3   35   17    9    8   18    5   12   20  157   25   97   71   48   68   14   70   62   27    9   21   15   24    4    0   40   21   11
   26   24    9   12   13   31   12   38   24   26   25   66  168   46   73   52  175   39   63   11    6   24    6    8   44    7   26    0   22   22
    4    5   18   15    3   10    6    9   22   18   36   39  167  121  180   85  124   40   49   45    9   23   46   20   45   21   14   22    0   13
   24   19    9   22    5   24    8   29   21   33   21   71  202   48  130   71   66   17  117   12   13   18    8   12    6   13    6   27   16    0
   
   
          0       1       2       3       4       5 	   1       2       3       4       5       6       2       3       4       5       6       7       3       4       5       6       7       8       4       5       6       7       8       9
	   1       0       1       2       3       4       2       1       2       3       4       5       3       2       3       4       5       6       4       3       4       5       6       7       5       4       5       6       7       8       
	   2       1       0       1       2       3       3       2       1       2       3       4       4       3       2       3       4       5       5       4       3       4       5       6       6       5       4       5       6       7
       3       2       1       0       1       2       4       3       2       1       2       3       5       4       3       2       3       4       6       5       4       3       4       5       7       6       5       4       5       6
       4       3       2       1       0       1       5       4       3       2       1       2       6       5       4       3       2       3       7       6       5       4       3       4       8       7       6       5       4       5
       5       4       3       2       1       0       6       5       4       3       2       1       7       6       5       4       3       2       8       7       6       5       4       3       9       8       7       6       5       4
       1       2       3       4       5       6       0       1       2       3       4       5       1       2       3       4       5       6       2       3       4       5       6       7
       3       4       5       6       7       8       2       1       2       3       4       5       1       0       1       
	   2       3       4       2       1       2       3       4       5       3       2       3       4       5       6
       4       3       4       5       6       7       3       2       1       2       3       4       2       1       0       
	   1       2       3       3       2       1       2       3       4       4       3       2       3       4       5
       5       4       3       4       5       6       4       3       2       1       2       3       3       2       1       
	   0       1       2       4       3       2       1       2       3       5       4       3       2       3       4
       6       5       4       3       4       5       5       4       3       2       1       2       4       3       2       
	   1       0       1       5       4       3       2       1       2       6       5       4       3       2       3
       7       6       5       4       3       4       6       5       4       3       2       1       5       4       3       
	   2       1       0       6       5       4       3       2       1       7       6       5       4       3       2       
	   8       7       6       5       4       3       2       3       4       5       6       7       1       2       3       
	   4       5       6       0       1       2       3       4       5       1       2       3       4       5       6
       2       3       4       5       6       7       3       2       3       4       5       6       2       1       2       
	   3       4       5       1       0       1       2       3       4       2       1       2       3       4       5
       3       2       3       4       5       6       4       3       2       3       4       5       3       2       1       
	   2       3       4
       2       1       0       1       2       3
       3       2       1       2       3       4
       4       3       2       3       4       5
       5       4       3       2       3       4
       4       3       2       1       2       3
       3       2       1       0       1       2
       4       3       2       1       2       3
       5       4       3       2       3       4
       6       5       4       3       2       3
       5       4       3       2       1       2
       4       3       2       1       0       1
       5       4       3       2       1       2
       6       5       4       3       2       3
       7       6       5       4       3       2
       6       5       4       3       2       1
       5       4       3       2       1       0
       6       5       4       3       2       1
       7       6       5       4       3       2
       3       4       5       6       7       8
       2       3       4       5       6       7
       1       2       3       4       5       6
       0       1       2       3       4       5
       1       2       3       4       5       6
       4       3       4       5       6       7
       3       2       3       4       5       6
       2       1       2       3       4       5
       1       0       1       2       3       4
       2       1       2       3       4       5
       5       4       3       4       5       6
       4       3       2       3       4       5
       3       2       1       2       3       4
       2       1       0       1       2       3
       3       2       1       2       3       4
       6       5       4       3       4       5
       5       4       3       2       3       4
       4       3       2       1       2       3
       3       2       1       0       1       2
       4       3       2       1       2       3
       7       6       5       4       3       4
       6       5       4       3       2       3
       5       4       3       2       1       2
       4       3       2       1       0       1
       5       4       3       2       1       2
       8       7       6       5       4       3
       7       6       5       4       3       2
       6       5       4       3       2       1
       5       4       3       2       1       0
       6       5       4       3       2       1
       4       5       6       7       8       9
       3       4       5       6       7       8
       2       3       4       5       6       7
       1       2       3       4       5       6
       0       1       2       3       4       5
       5       4       5       6       7       8
       4       3       4       5       6       7
       3       2       3       4       5       6
       2       1       2       3       4       5
       1       0       1       2       3       4
       6       5       4       5       6       7
       5       4       3       4       5       6
       4       3       2       3       4       5
       3       2       1       2       3       4
       2       1       0       1       2       3
       7       6       5       4       5       6
       6       5       4       3       4       5
       5       4       3       2       3       4
       4       3       2       1       2       3
       3       2       1       0       1       2
       8       7       6       5       4       5
       7       6       5       4       3       4
       6       5       4       3       2       3
       5       4       3       2       1       2
       4       3       2       1       0       1
       9       8       7       6       5       4
       8       7       6       5       4       3
       7       6       5       4       3       2
       6       5       4       3       2       1
       5       4       3       2       1       0