0   74   28   30   33   45   19   35   58   28    8   16    6   23   14   25    9   21   24    6   12   82   13  123   30   28   55   78   25   12
  101    0   40   14   61  156   18   30   73   25   17   19    4   22   19    7    1   27   27    3   57   59   67   92   75  112   44   85   94   26
  119   63    0   14   19  127   42    9   29   45   15    7    2   24   12   13    6   16   28   16   78  132   60   94   59   74   23  106   34   30
   22  124   56    0   62  104   40    7   20   46   17   13    5    6   23   21   10    6    6   23   75   19    9  138  129  103    8   36   49   24
  142   22   50   19    0  139   30    7   47   30    5   11    1   21    3   10    6   14   23    9   83  109   69  140   79   46   39  105   93   13
  119   45   63   27   59    0   29    6   34   31    8    4    5    8   20    5   11   28    4   11   51   44   24   64  103   19   57   85   47   23
  134   69   20   40   22   22    0   45   48   45   17   12    5   10   23   20    3   12   20    9    8   86   18   66   33   59   17  107   17   12
   41   39   14   20   97   81   41    0   40   21   16   13    6   22   21   17   11   20   29   14   53   71   48   68   84   24   11   73   23   18
   44  117   21   38   81   58   34   35    0   26   10   15    3    5   19   23    4    3   26    9   55  137   42   93   30   78   33  105   20   30
   33  147   24    6   23   32   18   11   36    0    2   14    7   18   24   17   13   22   10    9   85   38   29  114   25   62   41   47   76    8
   75  135   43   11   78   57    9    8   29   36    0    3    2    4   22   10    4    7    4   14   57  172   21   71   60   18   31   40   85   33
   22   43   70   20   27   64   34   37   61   30    7    0    4    7    4    5    4   13   13    7   23  109   20   71  166   44   45   20   25   24
   59   27   27   15   64   77   23   23   21   38    2   14    0    6    4   26    8    4   18    4   38   18   29   18   79   46   18   43   61   12
   81  101   66   28   14   49   36   20   32   34    3   18    2    0   16   23    5   24    5    8   77  112   55   80  166   42   49   86   59   18
  106   41   16   34   53  151    8   40   40   43    8   15    7   26    0    5    7   14   27   16   59   56   61   46  142  106   46   62   82   10
   30  116   34    4  101   16   21   58   49   10   15   12    5   21    4    0   12    5   28   19   81   87   34   68   58   99    5   25   83    5
   71  125   72   37  115   82   33   41   45   10    6    3    4   21   18   18    0    7    3   24   71   35   40  142   64   75   15   31   79   13
   78   88   18   18  106   42   39   49   16   14   14    7    4   24   25    6    7    0    9   20   45   67   59   91   81   50   24  114   24    5
   85  114   13   39   24  130   15   29   57   12    9   19    5    4   18   12    3    9    0   11   79   45   16  141  133   94   16   72   61   11
   69   34    8   43   49  121   32    9   40   44    9    6    3    4    3    4    1    5    5    0   65   18   90   85   24   43   44   30   12   20
  133   16   67   16   21  156   36   47   33   10   12   11    6   19   20   24   13   15   15   11    0  100   17  118   30   37   33   55   96   28
   26   47   19    7   24   78   27   49   39    5    3   11    4    7   15   24    2    8   24    5   22    0   51  103  143  104   29   91   97    7
   31   18   35   28   28  128   16   36   31   14    6    9    5   16    4   22   13   19   25    7   51  121    0   61   45   76   10   75   51    9
  140   49   68   26   83   27   25   10   53   45   15    9    1   12   17    2    5   26   18   20   36   48   50    0  127   62   37   94   37   31
  112   98   35   11   25  127   27   21   47   26   14    4    4   21    4   10    9   12   19    4   76  119   72   85    0  116    9   82   84   27
   49  123   11    6   22  129   36   40   64   17    2    3    3   13   20   11   12   15   14   21   14   39   83   59  117    0    7   67   98   10
   33  119    7   13   93   69   36   27   37   19   11   13    6   11   10    8    2   13    4   12    9  136   27  143  138  117    0   57   44   27
   61  130   58   28   43   77   19   27   33    9    2   16    4   25   25   10   10    5    3   23   76   97   38   33  169  114   54    0   94   28
   15   20   29   33   36  115   10   53   38    5   13    3    5    7   16   10    5   27   28    2   63  172   47  140   84   63   36   98    0    7
  140   82   30   42   41   45   13   52   64   46   12   10    6   23   17   15    2   27    8   24   41   80   13   46  105   73   27   74   19    0
  
  
         0       1       2       3       4       5 	   1       2       3       4       5       6       2       3       4       5       6       7       3       4       5       6       7       8       4       5       6       7       8       9
	   1       0       1       2       3       4       2       1       2       3       4       5       3       2       3       4       5       6       4       3       4       5       6       7       5       4       5       6       7       8       
	   2       1       0       1       2       3       3       2       1       2       3       4       4       3       2       3       4       5       5       4       3       4       5       6       6       5       4       5       6       7
       3       2       1       0       1       2       4       3       2       1       2       3       5       4       3       2       3       4       6       5       4       3       4       5       7       6       5       4       5       6
       4       3       2       1       0       1       5       4       3       2       1       2       6       5       4       3       2       3       7       6       5       4       3       4       8       7       6       5       4       5
       5       4       3       2       1       0       6       5       4       3       2       1       7       6       5       4       3       2       8       7       6       5       4       3       9       8       7       6       5       4
       1       2       3       4       5       6       0       1       2       3       4       5       1       2       3       4       5       6       2       3       4       5       6       7
       3       4       5       6       7       8       2       1       2       3       4       5       1       0       1       
	   2       3       4       2       1       2       3       4       5       3       2       3       4       5       6
       4       3       4       5       6       7       3       2       1       2       3       4       2       1       0       
	   1       2       3       3       2       1       2       3       4       4       3       2       3       4       5
       5       4       3       4       5       6       4       3       2       1       2       3       3       2       1       
	   0       1       2       4       3       2       1       2       3       5       4       3       2       3       4
       6       5       4       3       4       5       5       4       3       2       1       2       4       3       2       
	   1       0       1       5       4       3       2       1       2       6       5       4       3       2       3
       7       6       5       4       3       4       6       5       4       3       2       1       5       4       3       
	   2       1       0       6       5       4       3       2       1       7       6       5       4       3       2       
	   8       7       6       5       4       3       2       3       4       5       6       7       1       2       3       
	   4       5       6       0       1       2       3       4       5       1       2       3       4       5       6
       2       3       4       5       6       7       3       2       3       4       5       6       2       1       2       
	   3       4       5       1       0       1       2       3       4       2       1       2       3       4       5
       3       2       3       4       5       6       4       3       2       3       4       5       3       2       1       
	   2       3       4
       2       1       0       1       2       3
       3       2       1       2       3       4
       4       3       2       3       4       5
       5       4       3       2       3       4
       4       3       2       1       2       3
       3       2       1       0       1       2
       4       3       2       1       2       3
       5       4       3       2       3       4
       6       5       4       3       2       3
       5       4       3       2       1       2
       4       3       2       1       0       1
       5       4       3       2       1       2
       6       5       4       3       2       3
       7       6       5       4       3       2
       6       5       4       3       2       1
       5       4       3       2       1       0
       6       5       4       3       2       1
       7       6       5       4       3       2
       3       4       5       6       7       8
       2       3       4       5       6       7
       1       2       3       4       5       6
       0       1       2       3       4       5
       1       2       3       4       5       6
       4       3       4       5       6       7
       3       2       3       4       5       6
       2       1       2       3       4       5
       1       0       1       2       3       4
       2       1       2       3       4       5
       5       4       3       4       5       6
       4       3       2       3       4       5
       3       2       1       2       3       4
       2       1       0       1       2       3
       3       2       1       2       3       4
       6       5       4       3       4       5
       5       4       3       2       3       4
       4       3       2       1       2       3
       3       2       1       0       1       2
       4       3       2       1       2       3
       7       6       5       4       3       4
       6       5       4       3       2       3
       5       4       3       2       1       2
       4       3       2       1       0       1
       5       4       3       2       1       2
       8       7       6       5       4       3
       7       6       5       4       3       2
       6       5       4       3       2       1
       5       4       3       2       1       0
       6       5       4       3       2       1
       4       5       6       7       8       9
       3       4       5       6       7       8
       2       3       4       5       6       7
       1       2       3       4       5       6
       0       1       2       3       4       5
       5       4       5       6       7       8
       4       3       4       5       6       7
       3       2       3       4       5       6
       2       1       2       3       4       5
       1       0       1       2       3       4
       6       5       4       5       6       7
       5       4       3       4       5       6
       4       3       2       3       4       5
       3       2       1       2       3       4
       2       1       0       1       2       3
       7       6       5       4       5       6
       6       5       4       3       4       5
       5       4       3       2       3       4
       4       3       2       1       2       3
       3       2       1       0       1       2
       8       7       6       5       4       5
       7       6       5       4       3       4
       6       5       4       3       2       3
       5       4       3       2       1       2
       4       3       2       1       0       1
       9       8       7       6       5       4
       8       7       6       5       4       3
       7       6       5       4       3       2
       6       5       4       3       2       1
       5       4       3       2       1       0