 0   17   35   36    4    5   31   29    3   17  116   15  254   95   73   41   65   31   17   21   35   22    3   12   37    6   14   40   22   26
   14    0   28   38   22   17   18    5   17    4   82   41  208  101  112   15  104   88  134   22   21   21   11   18   13   22   13   43   13   35
    9    4    0    5   15   12    5   41    4   27  126   37  229  118  267   58  121   94   58   17   45   11   11   17   24   13   14   19   14    4
    8   21   19    0    4   21   21   18    4   26   66   41  162   62  257   21   82   36  136   17   16   25   10    8   31    9   37    5   34   12
    4    7    8   48    0   24   28   35   12   33   36   12   54   26  241   87   83  106  102   15   17   13    2    2   35   20   32   28   12   17
    7   23   24   14   31    0   21   23    2    9   79   33  113   57  106   94  108   89   72   13   38   28    3    5   38    5   17   46   33    4
   15    5   14   43   26    9    0   18   14   15   21   41   79   22  234   56  106  102   32   14   23   25    5   15   27   17    8   13   23   30
   19    6   15   38   20   25   20    0    2   27   83    7  114  138  231   22   99   69  141   28   27   20   13    3   38   19   27   28    5   24
    5    4   34   32   12   13   29   17    0   29   55   11  159   58  212   84  101   64   19    5   13   14   12   15   12   34   18   50    5   31
   11   17   20   20   33   17   24   40    3    0  102   35  123   26   87   56  141   38  114   17    7   25    7   16   27   34   34   44    7   11
    2   23   35   40   28   16    8   43   11   18    0   10   38  169  137   40   47   38   59    5   26    7   13   19   37   12   43   41    4    7
   11   17   13   33    4   18    9   13    9   20   62    0  190  155  114  100   36   21   66   15    9   27   11    2    5   30   37   37   29   34
   11    9    5   28    4   10   25   38    3   10   82   33    0  168   47   25   45   37   75   22   25   23    8    8   15   14   26   24   22   23
   14    4   12   39   12   32   16    7   14   10   66   42  134    0   47   20  120   17   47   10   35   26    2    8   41   17   15   18   18   33
    3   10   27   23   20    9    8   25    4   31  112   52  133   37    0   92  150   99   17    9   37   12    7    5   10   29   36    7    5   28
    9   12   30   46   19   22   28   10    4   26  106   51  101   28   50    0   18   92  100    5   30   24   10    6   14   14   43   31    6   25
   11    6   24   30   20   32    5   36   17   17  112   41   37   63  132   72    0   69   68   19   43   24    5    4   24    4   30   35   10    8
   16    3   33   44    5   23   24   11   15    9   27   46  269   98   87   15  104    0   33   21   13   27    7    8   19   23    8   14   18   21
    8    7   34   21   26   26   21   44    9   30  124   53   37   51   66  105  125  120    0   11   34    7    7    6   37   11   40   29   24   29
    7    7   25    9   31   31   20    8    5   28   96   36   40   86  212   63  148  122  107    0    9   17    7   18    5    9   10   17    9   16
    3    4   29   38    8   31   16   17    7   23  128   10  248   50  176   95   85   31  140   20    0    8    6   14   23   12   37   25   16   25
   14   17   29   36   20   14   22   30    6   28   37   17  188  113  172   11  149  127   79   12   35    0   14   19   21   26   22   37   35   28
   16   20   37    5   29    9   31   34   12   11   79   22  169  179  238   51   42  103   90   26   45    5    0   10   35   24   17    6   29   37
   16   16    4   11    5   27   23   22    4    6   45   19   97   45  275   85   19  103  105   13   12   14    2    0   43   10   35   26   35   30
    8   20   36   13    6   32   15   45    7    6   65   32  279   42  109   28   94  115  107    6   28   22   12    2    0   31   14    9   34   30
   11   22   21   35   15   15    9   11   10   23   90   32   73  170   41   28   85   68  169   29   12    3    2   12   10    0    4   17   12   35
    8    8   11   33   10   21   16   13    5    6   24   23   68  143   77   11  130   50   50   21   39   12    9   12   36   13    0   53   30   11
   15   15   28   27   11    9   25   40    6   28   63   56  170  134  234   44  116   25  137   14   13   11    9    7   21   29   39    0   20    5
   16   13   26   45   28   30   27   27    3   19   63   57  268   40  153   58   75   31   62   20   14   17    7    8   44   16    4   24    0    4
   16   23   19   45    6   26   27   31   16   20  114   66  164  130  133   73   38   63  112   15   36    9   11    9   43   11   31   26   16    0
   
   
          0       1       2       3       4       5 	   1       2       3       4       5       6       2       3       4       5       6       7       3       4       5       6       7       8       4       5       6       7       8       9
	   1       0       1       2       3       4       2       1       2       3       4       5       3       2       3       4       5       6       4       3       4       5       6       7       5       4       5       6       7       8       
	   2       1       0       1       2       3       3       2       1       2       3       4       4       3       2       3       4       5       5       4       3       4       5       6       6       5       4       5       6       7
       3       2       1       0       1       2       4       3       2       1       2       3       5       4       3       2       3       4       6       5       4       3       4       5       7       6       5       4       5       6
       4       3       2       1       0       1       5       4       3       2       1       2       6       5       4       3       2       3       7       6       5       4       3       4       8       7       6       5       4       5
       5       4       3       2       1       0       6       5       4       3       2       1       7       6       5       4       3       2       8       7       6       5       4       3       9       8       7       6       5       4
       1       2       3       4       5       6       0       1       2       3       4       5       1       2       3       4       5       6       2       3       4       5       6       7
       3       4       5       6       7       8       2       1       2       3       4       5       1       0       1       
	   2       3       4       2       1       2       3       4       5       3       2       3       4       5       6
       4       3       4       5       6       7       3       2       1       2       3       4       2       1       0       
	   1       2       3       3       2       1       2       3       4       4       3       2       3       4       5
       5       4       3       4       5       6       4       3       2       1       2       3       3       2       1       
	   0       1       2       4       3       2       1       2       3       5       4       3       2       3       4
       6       5       4       3       4       5       5       4       3       2       1       2       4       3       2       
	   1       0       1       5       4       3       2       1       2       6       5       4       3       2       3
       7       6       5       4       3       4       6       5       4       3       2       1       5       4       3       
	   2       1       0       6       5       4       3       2       1       7       6       5       4       3       2       
	   8       7       6       5       4       3       2       3       4       5       6       7       1       2       3       
	   4       5       6       0       1       2       3       4       5       1       2       3       4       5       6
       2       3       4       5       6       7       3       2       3       4       5       6       2       1       2       
	   3       4       5       1       0       1       2       3       4       2       1       2       3       4       5
       3       2       3       4       5       6       4       3       2       3       4       5       3       2       1       
	   2       3       4
       2       1       0       1       2       3
       3       2       1       2       3       4
       4       3       2       3       4       5
       5       4       3       2       3       4
       4       3       2       1       2       3
       3       2       1       0       1       2
       4       3       2       1       2       3
       5       4       3       2       3       4
       6       5       4       3       2       3
       5       4       3       2       1       2
       4       3       2       1       0       1
       5       4       3       2       1       2
       6       5       4       3       2       3
       7       6       5       4       3       2
       6       5       4       3       2       1
       5       4       3       2       1       0
       6       5       4       3       2       1
       7       6       5       4       3       2
       3       4       5       6       7       8
       2       3       4       5       6       7
       1       2       3       4       5       6
       0       1       2       3       4       5
       1       2       3       4       5       6
       4       3       4       5       6       7
       3       2       3       4       5       6
       2       1       2       3       4       5
       1       0       1       2       3       4
       2       1       2       3       4       5
       5       4       3       4       5       6
       4       3       2       3       4       5
       3       2       1       2       3       4
       2       1       0       1       2       3
       3       2       1       2       3       4
       6       5       4       3       4       5
       5       4       3       2       3       4
       4       3       2       1       2       3
       3       2       1       0       1       2
       4       3       2       1       2       3
       7       6       5       4       3       4
       6       5       4       3       2       3
       5       4       3       2       1       2
       4       3       2       1       0       1
       5       4       3       2       1       2
       8       7       6       5       4       3
       7       6       5       4       3       2
       6       5       4       3       2       1
       5       4       3       2       1       0
       6       5       4       3       2       1
       4       5       6       7       8       9
       3       4       5       6       7       8
       2       3       4       5       6       7
       1       2       3       4       5       6
       0       1       2       3       4       5
       5       4       5       6       7       8
       4       3       4       5       6       7
       3       2       3       4       5       6
       2       1       2       3       4       5
       1       0       1       2       3       4
       6       5       4       5       6       7
       5       4       3       4       5       6
       4       3       2       3       4       5
       3       2       1       2       3       4
       2       1       0       1       2       3
       7       6       5       4       5       6
       6       5       4       3       4       5
       5       4       3       2       3       4
       4       3       2       1       2       3
       3       2       1       0       1       2
       8       7       6       5       4       5
       7       6       5       4       3       4
       6       5       4       3       2       3
       5       4       3       2       1       2
       4       3       2       1       0       1
       9       8       7       6       5       4
       8       7       6       5       4       3
       7       6       5       4       3       2
       6       5       4       3       2       1
       5       4       3       2       1       0