0   18   37    4   22   11    7   18    3   22   35   11   35    5   13   11   24    4    9   20  170   37   74   21  192  135  133   69  120  171
    7    0   22   27   18   15    6   29   16   29   26   23   22   16    8    8   26   10    3    7   87   30   99   87  105   43   14   71  129   85
    4    7    0   38    4   12   33   19   20    6   13   25   16   19   16    4   25    6   14   20  151   30  121  171   42  126   39   76   30   22
   10    7   27    0   26    4   20   24   10   34   39    5    9   13    5   11   20   12   12    5  109   30   32   84  115   43  112   33  100  106
   12   39   15   42    0    3   21   24   18    5   37   13   25   11   16    9   18    7    9   24  151   26  100  130  176   91  107   66   75  164
   10   14   19   23   13    0   25   33   12   31   36   22   46   15    7    8   23    6   15   13   97   48   57  160  144   48   88   20   70  127
    7   18    9   34    8    3    0   25   13   28   16   24   15    8   12    9   11    4   21   23   96   43  150   70  165  105   15   37   66  128
    9    6   12   11    3   11   25    0   12   27   11   15   42   26   22    8   18    7   13    6  191   12   31   61  153   27   82   24  110   91
   17   28    5   21   16   12   17   11    0   25    6    6    5   13    5    3   22    9   10   32  106   46  192  110   58   67  112   12   71  143
   12   22   24   24   17   11   18    6    3    0   11    7   47   20   12    3   20   12    4   24   55   32  184  105   57   68   21   10   16   96
    9   23    9   37    6   12   29   13    5   26    0   16   30   26    4    9    8    9    4   29   53   54   62   55  179   84  118   74   20  100
    7   11    9   23   10    6   29   13   14   24   20    0   14   17    5    5   27   13    3   21  103    7  200   88  109   56   92   47   78  166
    2    9   22   21    4    6    3   27    8    6    6   13    0   27   12    5    7    7   19   31   52   55   81  100   22   95  127   29   80  136
   11   31   28   16   12   11   13   19   12   21   19   30    5    0   24    7   19    9   12   19  158   29  128  154  137   48   89   31   25  169
    7   13   34   33   19   13   20   15   13   10   30    6   29   11    0    5   19   15    2    9  169   15  195   32  173  112   18   27  113  153
   14   30   35    7   18    3   18   18   19   31   17   10   34   14    5    0   20   12    5    3   57   38   50   49  182  144   28   36   71   99
   11   41   28    5    9   17   31   38   16   21    7   10   47   14   23   10    0   13   12   15  162   13  153  136  216   16   21   72   81   29
    6    6   21    7   18   19   29   14   20   33   28    8   23    5   13    5   26    0   13   13  154   38  164   75   32  100   36   47  103  119
   13   11   36    6   15    7   23    4   13    5   30   14   25   10   15   11   26    7    0   26   61   35  166   72  183   52   75   29  122   55
    6   35   31   24   21    3   28   42    4   31   11    8   34   10    6    8   11   11    8    0   76   54   48   19   58  142   66   51  114  140
    2   21   21    9    5   18   14    6   10   30   20   21   45    3   17    3   23   10   17   16    0   56  159  132  222  144   72   22  125   93
    6   40   33   15   22    8   29   27   10   20   26   11   14   13   22   12   14    8    5   19   47    0   73  108  213   31  137   55   81   61
    6   27   12   13   21   19    4   28    6   32   39   14   41    8   15    8    9    7   15   21   48   40    0  146  148  116   31   22  127   47
   16   26   21   12    9   18   30   11   11   20   33    7   44   22    4   11   24    8   19   14  163   11  120    0   72   53   40   34   40   99
   11   42   25   18   11    3    6   30   18   23    4   17   23   23   13   10    4   12   14   21   93   16   73   62    0   69   75   13   68   98
    7   26   32    9   19   15    5   33   19   33   38   21   12   12   17    8   18   11    4   22  132    7   82  166  103    0   65   24   55   54
   12   23   38   23    7   20   23   21    5   29   20    8   38   15   13   12   31   11   10    8   55   13  198   66   93   20    0   46   77   41
    2   17    9   34   11    8   31   32    9   27   14   13   12    6   17    9   10   15    4    4  167   56   73   74   66   75   89    0   53   65
    9   39   27   27   29    4   14   34    5    6   20   16   50   24   18    6    8    7   15   23  194   44  143  170  205   65  129   50    0  149
    7   41   30   42    4   20   19    8   17   21    4   19   29   24   10    6   23    7    4   13  109   46   68   71   73  121  128   77  126    0
	
	
	       0       1       2       3       4       5 	   1       2       3       4       5       6       2       3       4       5       6       7       3       4       5       6       7       8       4       5       6       7       8       9
	   1       0       1       2       3       4       2       1       2       3       4       5       3       2       3       4       5       6       4       3       4       5       6       7       5       4       5       6       7       8       
	   2       1       0       1       2       3       3       2       1       2       3       4       4       3       2       3       4       5       5       4       3       4       5       6       6       5       4       5       6       7
       3       2       1       0       1       2       4       3       2       1       2       3       5       4       3       2       3       4       6       5       4       3       4       5       7       6       5       4       5       6
       4       3       2       1       0       1       5       4       3       2       1       2       6       5       4       3       2       3       7       6       5       4       3       4       8       7       6       5       4       5
       5       4       3       2       1       0       6       5       4       3       2       1       7       6       5       4       3       2       8       7       6       5       4       3       9       8       7       6       5       4
       1       2       3       4       5       6       0       1       2       3       4       5       1       2       3       4       5       6       2       3       4       5       6       7
       3       4       5       6       7       8       2       1       2       3       4       5       1       0       1       
	   2       3       4       2       1       2       3       4       5       3       2       3       4       5       6
       4       3       4       5       6       7       3       2       1       2       3       4       2       1       0       
	   1       2       3       3       2       1       2       3       4       4       3       2       3       4       5
       5       4       3       4       5       6       4       3       2       1       2       3       3       2       1       
	   0       1       2       4       3       2       1       2       3       5       4       3       2       3       4
       6       5       4       3       4       5       5       4       3       2       1       2       4       3       2       
	   1       0       1       5       4       3       2       1       2       6       5       4       3       2       3
       7       6       5       4       3       4       6       5       4       3       2       1       5       4       3       
	   2       1       0       6       5       4       3       2       1       7       6       5       4       3       2       
	   8       7       6       5       4       3       2       3       4       5       6       7       1       2       3       
	   4       5       6       0       1       2       3       4       5       1       2       3       4       5       6
       2       3       4       5       6       7       3       2       3       4       5       6       2       1       2       
	   3       4       5       1       0       1       2       3       4       2       1       2       3       4       5
       3       2       3       4       5       6       4       3       2       3       4       5       3       2       1       
	   2       3       4
       2       1       0       1       2       3
       3       2       1       2       3       4
       4       3       2       3       4       5
       5       4       3       2       3       4
       4       3       2       1       2       3
       3       2       1       0       1       2
       4       3       2       1       2       3
       5       4       3       2       3       4
       6       5       4       3       2       3
       5       4       3       2       1       2
       4       3       2       1       0       1
       5       4       3       2       1       2
       6       5       4       3       2       3
       7       6       5       4       3       2
       6       5       4       3       2       1
       5       4       3       2       1       0
       6       5       4       3       2       1
       7       6       5       4       3       2
       3       4       5       6       7       8
       2       3       4       5       6       7
       1       2       3       4       5       6
       0       1       2       3       4       5
       1       2       3       4       5       6
       4       3       4       5       6       7
       3       2       3       4       5       6
       2       1       2       3       4       5
       1       0       1       2       3       4
       2       1       2       3       4       5
       5       4       3       4       5       6
       4       3       2       3       4       5
       3       2       1       2       3       4
       2       1       0       1       2       3
       3       2       1       2       3       4
       6       5       4       3       4       5
       5       4       3       2       3       4
       4       3       2       1       2       3
       3       2       1       0       1       2
       4       3       2       1       2       3
       7       6       5       4       3       4
       6       5       4       3       2       3
       5       4       3       2       1       2
       4       3       2       1       0       1
       5       4       3       2       1       2
       8       7       6       5       4       3
       7       6       5       4       3       2
       6       5       4       3       2       1
       5       4       3       2       1       0
       6       5       4       3       2       1
       4       5       6       7       8       9
       3       4       5       6       7       8
       2       3       4       5       6       7
       1       2       3       4       5       6
       0       1       2       3       4       5
       5       4       5       6       7       8
       4       3       4       5       6       7
       3       2       3       4       5       6
       2       1       2       3       4       5
       1       0       1       2       3       4
       6       5       4       5       6       7
       5       4       3       4       5       6
       4       3       2       3       4       5
       3       2       1       2       3       4
       2       1       0       1       2       3
       7       6       5       4       5       6
       6       5       4       3       4       5
       5       4       3       2       3       4
       4       3       2       1       2       3
       3       2       1       0       1       2
       8       7       6       5       4       5
       7       6       5       4       3       4
       6       5       4       3       2       3
       5       4       3       2       1       2
       4       3       2       1       0       1
       9       8       7       6       5       4
       8       7       6       5       4       3
       7       6       5       4       3       2
       6       5       4       3       2       1
       5       4       3       2       1       0