 0    5   23   82   24  108   29   55   17   23    5    1    2   10   12   15    3   22    7    8   36  135   45   15  103   24   81  146   33  123
   38    0   23   38  105   78   27   40   52   39    3    2   13    7    2    7    5   14   11    9  102   28  131   21  137   39   71   97    9   41
   25   11    0   65   35  100   62   47   40   55    5    2   12   26    4   17    1   24   21   22  113   27   81    7  118    6   81  142   26   89
   14   18   18    0   50   39   12  117   34   32    1    5    4    3    1    9    2    4   29    5  135   36   43   29   34   33   62  116   25  117
   38   52    5   58    0  150   70   49   67   41    7    3   16   13    7    4   10   20   25    8   84   67   39   44   92   16  101   54   16   88
   37   45   34   75   23    0   58  126   45   31    5    5   16   27    6   11    4   26   12   23   82   30  106   45   28   13   23   23    8   84
   62   16   10   25   98  126    0  166   29   20    6    5    3    6    8   13    7   13    7   16  113   93  116   42  140   26  110   80    6   22
   62   45   12   51   45  128   28    0   49   24    7    3    5   26    8   13    6    5    9   21  123   86  121   29   20   25  103  126   24  116
   40   47   10   38   46   32   32   39    0   51    2    4   14   21    4    9    7    5    5   28   75   60   23   34   56   39   45   66   22   44
   18   34   23   16   34   17   60   52   50    0    4    5    2    9    6    5    7   23    9   25   20   88   62   34   92   35   19   24   26   84
   36   31   31   83   26  114   22   53   31   21    0    1    9   27    8    2   10    8    5   16   60   26   41    7   47    7   30  152    7   53
    9    6   22   46   50   49   70   19   86   44    2    0   15    5   12   12    8   27   17   24   43  125   58   25   89   17   13  137   15   30
    7   48   36   20   98   71   77   26   68   44    6    3    0    9    4    4    8    9   25   16  119   63  124   29   23   15   69   17   23   96
   19    8   38   61   41  127   20  103   41   40    4    0    2    0   11   13    4    5   22    3   45  104  141   48   17   31   42  158   42   34
   39   22   19   61   49  157   48  145   79   32    5    0    3   18    0   18    7   21   35   25  119  114   87   43   64   31   28   90   26   88
   43   32    8   60   62   93   13   47   62   48    7    0    6   14    7    0   10   17   28   10   84   75  146   42  116   18  109   99   27   87
   17   48   26   16   44   88   12   98   55    7    4    5   15    3    1   12    0    9    6   27   64   32   26   45  116   29   32   60    7   88
   24   29   18   71   16  154   32   75   36   33    4    2    7   27    3    2    2    0    6   14   44  132  150   43   92   32   91   76   17   70
   24   11   13   32   20   64   11   38   40   21    6    4   10    5    1    8    1   16    0    3   58   99   46   40   47   14   62  150   12   30
   22   29   24   27   99  152   67  145   38   18    4    5    4   14    2    6    3   16   26    0  131   99  130   49   52   19   79   18   19   53
   56   26   27   36   85   53   54  105   68   32    2    5    3    9    3   13    5   17   33   24    0   49   93   41   77   14   31   19   44   88
   27   24   16   50   11   80   25   63   68   36    1    5   12   13   11    5    4   20    3   12   49    0   41   31  108   31   67  128   29   38
   11   35   32   42   36   30   65   51   85   24    5    5    7   19   11   17    8   18   16   14   50  126    0   16  103    6   15   91   33  128
   64   42   33   11   82   17   67  118   35   34    7    5    6    3    5   12    2   15   28   28  136   19  107    0   49   29   85  119   41   34
   58   49   36   44   58   17   37  145   53   11    7    3    7   16   10   12   10    4    8   12  126   80  132    9    0   33   59  103   41  126
   42   35    4   10   20   57   59   21   62   15    5    2   14    3    3   16    9   11   15   30  127  113   17   51   85    0   86   27    7  123
   21   22    6   24   73   82   13   40   83   47    2    1    5   23    5    2    6    9   25    8   16   67  129   10  114   39    0   53   18   90
   49   12   38   35   93  102   59  162   56    6    5    4    3   16   13   15    3   25   10   11   20   75   47   14   89   24   90    0   10  124
   26   41   29   85  103   43   19  134   37   14    5    5   17    9   12   15   10    5   10   21   34   26  111   47  111   27   64  105    0   43
   46   27    7   23   74   26   30  104   37   15    2    3    5    6    3   18    2   26   10   26   59  116   26   23  138   11   56   66   34    0
   
   
          0       1       2       3       4       5 	   1       2       3       4       5       6       2       3       4       5       6       7       3       4       5       6       7       8       4       5       6       7       8       9
	   1       0       1       2       3       4       2       1       2       3       4       5       3       2       3       4       5       6       4       3       4       5       6       7       5       4       5       6       7       8       
	   2       1       0       1       2       3       3       2       1       2       3       4       4       3       2       3       4       5       5       4       3       4       5       6       6       5       4       5       6       7
       3       2       1       0       1       2       4       3       2       1       2       3       5       4       3       2       3       4       6       5       4       3       4       5       7       6       5       4       5       6
       4       3       2       1       0       1       5       4       3       2       1       2       6       5       4       3       2       3       7       6       5       4       3       4       8       7       6       5       4       5
       5       4       3       2       1       0       6       5       4       3       2       1       7       6       5       4       3       2       8       7       6       5       4       3       9       8       7       6       5       4
       1       2       3       4       5       6       0       1       2       3       4       5       1       2       3       4       5       6       2       3       4       5       6       7
       3       4       5       6       7       8       2       1       2       3       4       5       1       0       1       
	   2       3       4       2       1       2       3       4       5       3       2       3       4       5       6
       4       3       4       5       6       7       3       2       1       2       3       4       2       1       0       
	   1       2       3       3       2       1       2       3       4       4       3       2       3       4       5
       5       4       3       4       5       6       4       3       2       1       2       3       3       2       1       
	   0       1       2       4       3       2       1       2       3       5       4       3       2       3       4
       6       5       4       3       4       5       5       4       3       2       1       2       4       3       2       
	   1       0       1       5       4       3       2       1       2       6       5       4       3       2       3
       7       6       5       4       3       4       6       5       4       3       2       1       5       4       3       
	   2       1       0       6       5       4       3       2       1       7       6       5       4       3       2       
	   8       7       6       5       4       3       2       3       4       5       6       7       1       2       3       
	   4       5       6       0       1       2       3       4       5       1       2       3       4       5       6
       2       3       4       5       6       7       3       2       3       4       5       6       2       1       2       
	   3       4       5       1       0       1       2       3       4       2       1       2       3       4       5
       3       2       3       4       5       6       4       3       2       3       4       5       3       2       1       
	   2       3       4
       2       1       0       1       2       3
       3       2       1       2       3       4
       4       3       2       3       4       5
       5       4       3       2       3       4
       4       3       2       1       2       3
       3       2       1       0       1       2
       4       3       2       1       2       3
       5       4       3       2       3       4
       6       5       4       3       2       3
       5       4       3       2       1       2
       4       3       2       1       0       1
       5       4       3       2       1       2
       6       5       4       3       2       3
       7       6       5       4       3       2
       6       5       4       3       2       1
       5       4       3       2       1       0
       6       5       4       3       2       1
       7       6       5       4       3       2
       3       4       5       6       7       8
       2       3       4       5       6       7
       1       2       3       4       5       6
       0       1       2       3       4       5
       1       2       3       4       5       6
       4       3       4       5       6       7
       3       2       3       4       5       6
       2       1       2       3       4       5
       1       0       1       2       3       4
       2       1       2       3       4       5
       5       4       3       4       5       6
       4       3       2       3       4       5
       3       2       1       2       3       4
       2       1       0       1       2       3
       3       2       1       2       3       4
       6       5       4       3       4       5
       5       4       3       2       3       4
       4       3       2       1       2       3
       3       2       1       0       1       2
       4       3       2       1       2       3
       7       6       5       4       3       4
       6       5       4       3       2       3
       5       4       3       2       1       2
       4       3       2       1       0       1
       5       4       3       2       1       2
       8       7       6       5       4       3
       7       6       5       4       3       2
       6       5       4       3       2       1
       5       4       3       2       1       0
       6       5       4       3       2       1
       4       5       6       7       8       9
       3       4       5       6       7       8
       2       3       4       5       6       7
       1       2       3       4       5       6
       0       1       2       3       4       5
       5       4       5       6       7       8
       4       3       4       5       6       7
       3       2       3       4       5       6
       2       1       2       3       4       5
       1       0       1       2       3       4
       6       5       4       5       6       7
       5       4       3       4       5       6
       4       3       2       3       4       5
       3       2       1       2       3       4
       2       1       0       1       2       3
       7       6       5       4       5       6
       6       5       4       3       4       5
       5       4       3       2       3       4
       4       3       2       1       2       3
       3       2       1       0       1       2
       8       7       6       5       4       5
       7       6       5       4       3       4
       6       5       4       3       2       3
       5       4       3       2       1       2
       4       3       2       1       0       1
       9       8       7       6       5       4
       8       7       6       5       4       3
       7       6       5       4       3       2
       6       5       4       3       2       1
       5       4       3       2       1       0