0    9   24    3   22    3   14    2    7   19   17   18    6    4   14   13    7   37   22    8   50  220  151  127   36  123   51  181  140   49
    2    0   30   12   27    2   10    8   15    4   30    8   18   20   17   17   14   30   21    7   31  184   93   64   64   30  101   28  125   77
    4    3    0    6    7   13   13   10    7   15   32    4   22   13    2    9   15   34    8    9  143   88   87   22   70  185   43  112   73   10
   14    1    9    0   13   14   12    6   13   12   10   18    5   15    8   17   12   17   11    4   77   43   98   53   71  106   38  168   39   74
    5    6   17   11    0   17   16    2    9   23   11   13    5    9   14   24    2   18    6    9  127  144   33   69   26  195   65  178   42   41
    5    8   18    2   32    0   14    3    9   22   11    2   20   14   15   12   12   22   35    6   79  177   62  122   20  216   73  159   91   57
    9    6   22    8   16    7    0   10    5   34   11    3    7   19   18    3    5   15   22    6  127  208  204  116   21   98   14   22  128   26
   13    5   20    2   20    3   15    0   11   30   22   20   23    6    8   22    4   47   38    6   37  147  113   42   56  136   12  194  101   68
    9    6   25   11   20   10   21    2    0   14   25    8   15   19   17    4   11   14   32    7   98  194   82  126   40  146   46   27  105   27
   12    9   22   11   31   11   10    6   11    0   17   12   17    8   11    4   12   31   30    8   77   79  185   44   43   71  116   74  117   33
   11    2   21   12    5    9   17    9   16    5    0   17   24   12   17   18    4   19   30    9  154  124  185   91   53   29  105  146   40   68
    5    4   17    3    4   10   12   10    6    9   31    0    7   21   12   17    4   12   21    4  149  172  175   13   50  188  101  169  120   48
    2    6   26    8   21    4   18   10    5   33    6   19    0   15   18   21    2   22   11    9   19  199  100  104   70  240   86  150  117   32
   11    5   27   11   28    7    9    7   17   25   11    6    7    0    7   23   14   14   38    6   98  214   84   80   38  204   12   64  133   62
   10    3   11   13   16    5   19    2   14   12   13    8   22    2    0   13   12   26   11    9  166  112  161  116   25   34   89  137   93   34
    1    9   29   10   16   15   19    8    9   11   10   10   21   12   12    0    7   42   25    9   79  171  212   15   63   27   14  141   48   63
    7    6    8   14   16    8   22    5   14   14    8   21   25   14   14   21    0   40   30    6  114   52  108   34   26  237  106   23   31   13
   10    7   16   10   28    9   20    7   14    9   25   15   16   15    8   10   11    0   35    2   56   34  132   52   16  179  112   35  148   55
   14    3    9    2   18    8   11    7    8   12    7   24    7   19   16   23   13   21    0    8   99   32  163  126   17   98   14  164   99   58
    5    6   13    2   28   15   16    3   14   30   14   13   11    5   17    6   10   19   32    0   98  168  108   91   21  202   76  140   64   12
   11    2   11   12   33    9   16    2    9    7   23   15    8    4    4    2    7    9   39    5    0   68   76   30   37   64   80  172   31   66
   14    4   21    2    7    2   13    7    3    8   32   13    5   18    2   23   13   30   21    5   74    0  166  105   65   95   66  131  136   49
    8    1    4    4   27   10   17    8   16   30    6   12   20    2   16    5   13   16   17    3  169  162    0   72   40  136   16   47  146   56
   10    6    5    4   25    8    3    1    2   28    6   16    7    7   17   12    3   38   31    2   73  179   55    0    8  240   96  185   69   31
   11    6   19    2   13    2   21    4    5   24   14   21   13   13   11   17   12   10    9    2  125  220  185   21    0   27   57   75  121   44
    5    5    6    9   32    6   11    9    5   26    5   15    9   21   16   10   12   22    9    6  147   46   36  129   15    0   41  174   21   55
    2    7    5    7    9   10   17    1   16   34    9   17   13   19    8   19    9   41   19    6   93  168  125  128   33   36    0  124  129   52
   10    3   17    5   17    8    5    2   11   34   26   13   24   20    4   21   14   34    8    8  169   62  205   80   20  156   46    0  139   30
    4    4   13    9   14   11   20    3    2   27   15   15   19   12    7   20    7   25    7    6   82   61  168   45   71  147   48  198    0   49
    9    5    4   13    7   10   19    2   14   21   30   11   16    9    5    7   15   19   22    7   83  219  206   76   56  148   25   21  118    0
	
	
	       0       1       2       3       4       5 	   1       2       3       4       5       6       2       3       4       5       6       7       3       4       5       6       7       8       4       5       6       7       8       9
	   1       0       1       2       3       4       2       1       2       3       4       5       3       2       3       4       5       6       4       3       4       5       6       7       5       4       5       6       7       8       
	   2       1       0       1       2       3       3       2       1       2       3       4       4       3       2       3       4       5       5       4       3       4       5       6       6       5       4       5       6       7
       3       2       1       0       1       2       4       3       2       1       2       3       5       4       3       2       3       4       6       5       4       3       4       5       7       6       5       4       5       6
       4       3       2       1       0       1       5       4       3       2       1       2       6       5       4       3       2       3       7       6       5       4       3       4       8       7       6       5       4       5
       5       4       3       2       1       0       6       5       4       3       2       1       7       6       5       4       3       2       8       7       6       5       4       3       9       8       7       6       5       4
       1       2       3       4       5       6       0       1       2       3       4       5       1       2       3       4       5       6       2       3       4       5       6       7
       3       4       5       6       7       8       2       1       2       3       4       5       1       0       1       
	   2       3       4       2       1       2       3       4       5       3       2       3       4       5       6
       4       3       4       5       6       7       3       2       1       2       3       4       2       1       0       
	   1       2       3       3       2       1       2       3       4       4       3       2       3       4       5
       5       4       3       4       5       6       4       3       2       1       2       3       3       2       1       
	   0       1       2       4       3       2       1       2       3       5       4       3       2       3       4
       6       5       4       3       4       5       5       4       3       2       1       2       4       3       2       
	   1       0       1       5       4       3       2       1       2       6       5       4       3       2       3
       7       6       5       4       3       4       6       5       4       3       2       1       5       4       3       
	   2       1       0       6       5       4       3       2       1       7       6       5       4       3       2       
	   8       7       6       5       4       3       2       3       4       5       6       7       1       2       3       
	   4       5       6       0       1       2       3       4       5       1       2       3       4       5       6
       2       3       4       5       6       7       3       2       3       4       5       6       2       1       2       
	   3       4       5       1       0       1       2       3       4       2       1       2       3       4       5
       3       2       3       4       5       6       4       3       2       3       4       5       3       2       1       
	   2       3       4
       2       1       0       1       2       3
       3       2       1       2       3       4
       4       3       2       3       4       5
       5       4       3       2       3       4
       4       3       2       1       2       3
       3       2       1       0       1       2
       4       3       2       1       2       3
       5       4       3       2       3       4
       6       5       4       3       2       3
       5       4       3       2       1       2
       4       3       2       1       0       1
       5       4       3       2       1       2
       6       5       4       3       2       3
       7       6       5       4       3       2
       6       5       4       3       2       1
       5       4       3       2       1       0
       6       5       4       3       2       1
       7       6       5       4       3       2
       3       4       5       6       7       8
       2       3       4       5       6       7
       1       2       3       4       5       6
       0       1       2       3       4       5
       1       2       3       4       5       6
       4       3       4       5       6       7
       3       2       3       4       5       6
       2       1       2       3       4       5
       1       0       1       2       3       4
       2       1       2       3       4       5
       5       4       3       4       5       6
       4       3       2       3       4       5
       3       2       1       2       3       4
       2       1       0       1       2       3
       3       2       1       2       3       4
       6       5       4       3       4       5
       5       4       3       2       3       4
       4       3       2       1       2       3
       3       2       1       0       1       2
       4       3       2       1       2       3
       7       6       5       4       3       4
       6       5       4       3       2       3
       5       4       3       2       1       2
       4       3       2       1       0       1
       5       4       3       2       1       2
       8       7       6       5       4       3
       7       6       5       4       3       2
       6       5       4       3       2       1
       5       4       3       2       1       0
       6       5       4       3       2       1
       4       5       6       7       8       9
       3       4       5       6       7       8
       2       3       4       5       6       7
       1       2       3       4       5       6
       0       1       2       3       4       5
       5       4       5       6       7       8
       4       3       4       5       6       7
       3       2       3       4       5       6
       2       1       2       3       4       5
       1       0       1       2       3       4
       6       5       4       5       6       7
       5       4       3       4       5       6
       4       3       2       3       4       5
       3       2       1       2       3       4
       2       1       0       1       2       3
       7       6       5       4       5       6
       6       5       4       3       4       5
       5       4       3       2       3       4
       4       3       2       1       2       3
       3       2       1       0       1       2
       8       7       6       5       4       5
       7       6       5       4       3       4
       6       5       4       3       2       3
       5       4       3       2       1       2
       4       3       2       1       0       1
       9       8       7       6       5       4
       8       7       6       5       4       3
       7       6       5       4       3       2
       6       5       4       3       2       1
       5       4       3       2       1       0