0   35    6   10    9   17    9   24   17   26    7   88   82   86   83  102  153   14   37  158   12   27   12   20   16   25   13   17   53   43
   47    0    3   16    2   42    8   20    6   13    7   70   76   53   96  233  162   59   80   18   16   51   26   24    3    9   15    7   40   45
    8   22    0    2   11   21   12   26    9   12    5   89   57   11  136   58  186  102   43   29   14   10   19    7   17    6    3   13   16   31
   14    9    9    0    2   34    6   46   14    8   12   57  114   95  137  136  212  100   67   78    8   24    5   23    3   12   18    6   24   42
   28   31   14   23    0   24   14   19   19   35    1   24   85   97  168  147  204   28   60  124   15   29    6    4   17    3   27   22    7   22
   43    7    4   21    2    0   10   12    4   18   13  115  131   81  138   62  132  103   64  124    5    8   10   11    9   17   21   19   22   23
   27   41   10   11    8   40    0   47    5    8    7   82   17   20   45  249  209   18   21  169    8   10   23   26    6    9   26   10    9   25
   36   23   15   22    7    6   23    0   11   28    9   95   71  102   96  158  122   16   73  158   17   41   15   11   20    5    6   12   24    6
   30   24   15   21    2   14   12   47    0   29    7   59   80   35  160   46   56   75   31  131   14   56    7   16   21   28   28    4   10   26
   21   40    4    6    8    9   21   39   10    0    6   40   35   35   30   97   35  107   89  185    6   28   26   13    6   14    4   14   46   35
   25   28    5    6   10   34   11   43    6   25    0   72  132   17  161   83  134   27   44   71    9   22    9    4   21   21    6   12   26   21
   37   19   12   13    4   47   15   11    8   15   12    0   43   17  108   93  158  100   31  121    4   38   14   26    9   21   19   18   18   33
   36   12   10   17   14   11   24   25    9   33    2   24    0   87  102  229  148   71   49  126   18   53   20   27   10   28   20   17   34   25
   47   30    3   16   12   42   13    5    8    9   12   50   60    0   31  123  205   60   47  161    3    6    8   27    2   20   21   17   44   36
    5   15   13   22    4   34   18   44   10    7    7   85  113   88    0  102  201   49   73  169    2   48   24   17    5   21   21    7   41   22
   15   15   12    6   12   23    6   23    5   11    8   72   29   55   45    0  172   52   50  141   13   24    6   23    6   16   31   23   44   20
   44   31    8   23    8   42    2   32   15   15    7   99  111   79  160  172    0   31   87   32    7   31   25    7   18    4    7    5   17   45
   26   32   14   15    2   22    8   37   23   13    3   43   83   17  104  142   54    0   80   44   17    9    7   10   10    7    8   11   34   10
   40    8    5    4   10   27   21   31   20   30    1  106   33  103  114  128  123   37    0  140   11   17    4   21    5    3   15    5   52   12
   44   19    6   12   13   27    7    5   18   12    9   82   78   89   23  102   42   56   84    0   16   36   16   16    4    6   18    8   30   42
   26   37   13    3    6   42   14   11    8   16    1   51   77  102   65  193  207   79   36  123    0   34   26    7    3   16   27   20    5   38
   23    9   11    6   12   41   10   36    9   25    8  118   95   61  134  142   92   20   16   44   13    0    9   17    7    5   18    9   46   40
   12   42    2   20   10   34   20   45   16   27    9   84  135  101   97  209   74   43   43  156   12   41    0    8    5    3   24   11   35    8
   27   31   11   12    2   42    9   19   12   20   11   37  117   41   67  229  144   47   85  172    9   46   14    0   12   14   25   15   49   12
    8    8    2    8   15   10   10   23   15    9    8  119   48   95  127   55   72   92   26  113    8   10   15    4    0   28   11    9   22   27
   36   29    8    7   12   21   17    7   15   31    3  105   40   98   77  107   76   63   23   93   13   55   18   16   10    0   30    6   45   36
   33    5    5   12   15   31    5   15   16   24    3   99  125   93   24  221  130   76   68   32    8    6   27   25    4   13    0   11   21    4
   35   16   12   11   12   36    9   32    8   12    4   66   98   30  108  236  153   59   59  139   18   28   12   29   13   22   31    0    8   16
   22   17    8    3    9   27    4   33   11   28   11  129   39   93   30  102  197   98   41   31   11   29   26   12   13   28   21   18    0   38
   30   10   12    8    9   44   24   47    4   34    6   59   73   78  138  259   55   42   49   45   11   48   10   26   12    3   22   18   30    0
   
   
          0       1       2       3       4       5 	   1       2       3       4       5       6       2       3       4       5       6       7       3       4       5       6       7       8       4       5       6       7       8       9
	   1       0       1       2       3       4       2       1       2       3       4       5       3       2       3       4       5       6       4       3       4       5       6       7       5       4       5       6       7       8       
	   2       1       0       1       2       3       3       2       1       2       3       4       4       3       2       3       4       5       5       4       3       4       5       6       6       5       4       5       6       7
       3       2       1       0       1       2       4       3       2       1       2       3       5       4       3       2       3       4       6       5       4       3       4       5       7       6       5       4       5       6
       4       3       2       1       0       1       5       4       3       2       1       2       6       5       4       3       2       3       7       6       5       4       3       4       8       7       6       5       4       5
       5       4       3       2       1       0       6       5       4       3       2       1       7       6       5       4       3       2       8       7       6       5       4       3       9       8       7       6       5       4
       1       2       3       4       5       6       0       1       2       3       4       5       1       2       3       4       5       6       2       3       4       5       6       7
       3       4       5       6       7       8       2       1       2       3       4       5       1       0       1       
	   2       3       4       2       1       2       3       4       5       3       2       3       4       5       6
       4       3       4       5       6       7       3       2       1       2       3       4       2       1       0       
	   1       2       3       3       2       1       2       3       4       4       3       2       3       4       5
       5       4       3       4       5       6       4       3       2       1       2       3       3       2       1       
	   0       1       2       4       3       2       1       2       3       5       4       3       2       3       4
       6       5       4       3       4       5       5       4       3       2       1       2       4       3       2       
	   1       0       1       5       4       3       2       1       2       6       5       4       3       2       3
       7       6       5       4       3       4       6       5       4       3       2       1       5       4       3       
	   2       1       0       6       5       4       3       2       1       7       6       5       4       3       2       
	   8       7       6       5       4       3       2       3       4       5       6       7       1       2       3       
	   4       5       6       0       1       2       3       4       5       1       2       3       4       5       6
       2       3       4       5       6       7       3       2       3       4       5       6       2       1       2       
	   3       4       5       1       0       1       2       3       4       2       1       2       3       4       5
       3       2       3       4       5       6       4       3       2       3       4       5       3       2       1       
	   2       3       4
       2       1       0       1       2       3
       3       2       1       2       3       4
       4       3       2       3       4       5
       5       4       3       2       3       4
       4       3       2       1       2       3
       3       2       1       0       1       2
       4       3       2       1       2       3
       5       4       3       2       3       4
       6       5       4       3       2       3
       5       4       3       2       1       2
       4       3       2       1       0       1
       5       4       3       2       1       2
       6       5       4       3       2       3
       7       6       5       4       3       2
       6       5       4       3       2       1
       5       4       3       2       1       0
       6       5       4       3       2       1
       7       6       5       4       3       2
       3       4       5       6       7       8
       2       3       4       5       6       7
       1       2       3       4       5       6
       0       1       2       3       4       5
       1       2       3       4       5       6
       4       3       4       5       6       7
       3       2       3       4       5       6
       2       1       2       3       4       5
       1       0       1       2       3       4
       2       1       2       3       4       5
       5       4       3       4       5       6
       4       3       2       3       4       5
       3       2       1       2       3       4
       2       1       0       1       2       3
       3       2       1       2       3       4
       6       5       4       3       4       5
       5       4       3       2       3       4
       4       3       2       1       2       3
       3       2       1       0       1       2
       4       3       2       1       2       3
       7       6       5       4       3       4
       6       5       4       3       2       3
       5       4       3       2       1       2
       4       3       2       1       0       1
       5       4       3       2       1       2
       8       7       6       5       4       3
       7       6       5       4       3       2
       6       5       4       3       2       1
       5       4       3       2       1       0
       6       5       4       3       2       1
       4       5       6       7       8       9
       3       4       5       6       7       8
       2       3       4       5       6       7
       1       2       3       4       5       6
       0       1       2       3       4       5
       5       4       5       6       7       8
       4       3       4       5       6       7
       3       2       3       4       5       6
       2       1       2       3       4       5
       1       0       1       2       3       4
       6       5       4       5       6       7
       5       4       3       4       5       6
       4       3       2       3       4       5
       3       2       1       2       3       4
       2       1       0       1       2       3
       7       6       5       4       5       6
       6       5       4       3       4       5
       5       4       3       2       3       4
       4       3       2       1       2       3
       3       2       1       0       1       2
       8       7       6       5       4       5
       7       6       5       4       3       4
       6       5       4       3       2       3
       5       4       3       2       1       2
       4       3       2       1       0       1
       9       8       7       6       5       4
       8       7       6       5       4       3
       7       6       5       4       3       2
       6       5       4       3       2       1
       5       4       3       2       1       0