 0   28   19  173   10  100   27  156   63   68    7    3   13    4   10    2    9   10   23    5   17   37  127   34  104   37   20   27   86   18
   64    0   15   19   15  103   29   65  105   67    5    5   11   11   16    5   15   22    3    1   16   25   74   38   89   58   40   27   35   63
   40   13    0  101   32   22   13  163   60   45    2    3    5    9   16    6   15   13   22    5   30   14  105   45   77   59  101   24   41  104
  158   71   65    0   57   45   51  109   51   14    1    2   14    2    9   14    9   19   16    8   15   20  116   15  139   39   29   16   51   39
  136   56    9   19    0   30   47  128   45   40    1    4    2   15    7    8   17   26   16    3   18    5  106   11   31   13   73    5   82  119
   42   13   69   67   21    0   63   70  120   36    3    3    4    2   16   11   13   14   17    2   31   12   79   39  123   27   10   30   63   31
   39   22   58  134    9   44    0  126   45   29    5    3   11   12   11    6   30   27   20    3   17    5   64   35  174   57   96   10   45   78
   33   51   14   25   25   12    9    0   27   23    5    5   11   15   12    9   18    9    5    8   40   16   77   34   26   31   10   39   54   74
   97   77   33   81   38   25   31   95    0   43    5    3   13   13   15   11    4    8    7    7   27   27   46   35   74   14   79   40   35   62
   26   29   66   69   52  105   39  108  128    0    5    8   11   12   10   14   23   25   13    4   13   21   90   26  172   26   93   41   40  115
  100   58   39  129   49   95   62   65   88   29    0    7    7   10   12   10    3    9   10    2   25   20   29   47  134   17   66    6   12  118
   29   65   14   20   37   98   20   87  117   23    6    0    8   10   14    2   19    9   23    6   36   23  103   21   69   24   46   46   54  109
   93   25   61   34   47   14   37   46   21   65    4    8    0    2    4    9   22   13    3    3   14   30   41    8  120    8   34   45   72   42
   73   14   55   53   43   85   53  109  116   53    1    3   12    0    7    9   22   29   20    9   10   25  100   10  105   59   76   36    9   50
   96   57   39   46   33   59   12   71   91   13    4    6    7    5    0    3   19    6   13    9   40    5   87   42  127   35   82   26   77   62
   94   69   29   42   49   95   53   97   44   29    2    6   12    9    8    0   18   18    2    8   10   26   47   23  154   24   84   27    9   43
  144   54   69   81   28   23   49  151  104   36    4    4    3    4   10   12    0   23   21    5   12   21   89   18   97   43   11   16   79   97
   99   76   27  128   57   40   24  114  115   57    5    6    4    3    3    2   14    0    6    4   11   37   55   35   54    6   62   29   66   75
  105   64   48   82   28  107   16   80   68   26    2    3   13   16    8   14   23    7    0   10   27   38   80   55  144   36   68   24   53  109
  112   25   53  153   17   72   22  151   13   29    3    4   10    9    8   12   28   15    2    0    6   16   62   65   59   14   74   21   83   23
   64   12   16  145   12   14   49   65   18   38    2    8    2    9   15    6    6   25   10    2    0   25  134   61   30   27   90   10   41   32
  101   59   39  143    7   18   41  137   55   60    4    1   10    7   11    3    6    8    2    4   27    0   99   62   22   37   11   26   43  113
  112   77    7  148   61   50    8   44   49   65    5    4    9   17    7    3    5   25    7    5   19   15    0   60   56   32   49   15    9   92
   50   25   51  116   10   62   40  124   52   46    2    2    2   12   12   11   16   19    4    6   14   23   71    0   65   17   66   33   76   48
  180   67    8   25   36   79   54   19  114   11    1    7   13    7   11   12   28    5   12    1    8   21   73   33    0   53   83   28   78   91
   97   42   36  100   37   50   37  140   68   52    7    4   13    4    2    4   30   15   15    3   41   17   39   40  151    0   18   22   17   66
  121   59   48  162   19   47   37   72   18   10    7    6   13    6    9    9   10    6    6    6   35   35   31   13  169   43    0   46   70  113
  154   70   18  157   49   72   39   64   79   54    5    8    1   13    2    8   10   14   19    9   26   14  113   23  143   51   14    0   18   49
   58   62   50  100   18  103   55   52   54   58    4    1    8    8   12   13   30    6   13    9   34   29   86    7  152   40   37   44    0   83
   56   55   17   75   45   53   65   36   98   40    6    3   11    2   14    2    4   30    9    2   20   17  130   48  116   46   94   34   85    0
   
   
          0       1       2       3       4       5 	   1       2       3       4       5       6       2       3       4       5       6       7       3       4       5       6       7       8       4       5       6       7       8       9
	   1       0       1       2       3       4       2       1       2       3       4       5       3       2       3       4       5       6       4       3       4       5       6       7       5       4       5       6       7       8       
	   2       1       0       1       2       3       3       2       1       2       3       4       4       3       2       3       4       5       5       4       3       4       5       6       6       5       4       5       6       7
       3       2       1       0       1       2       4       3       2       1       2       3       5       4       3       2       3       4       6       5       4       3       4       5       7       6       5       4       5       6
       4       3       2       1       0       1       5       4       3       2       1       2       6       5       4       3       2       3       7       6       5       4       3       4       8       7       6       5       4       5
       5       4       3       2       1       0       6       5       4       3       2       1       7       6       5       4       3       2       8       7       6       5       4       3       9       8       7       6       5       4
       1       2       3       4       5       6       0       1       2       3       4       5       1       2       3       4       5       6       2       3       4       5       6       7
       3       4       5       6       7       8       2       1       2       3       4       5       1       0       1       
	   2       3       4       2       1       2       3       4       5       3       2       3       4       5       6
       4       3       4       5       6       7       3       2       1       2       3       4       2       1       0       
	   1       2       3       3       2       1       2       3       4       4       3       2       3       4       5
       5       4       3       4       5       6       4       3       2       1       2       3       3       2       1       
	   0       1       2       4       3       2       1       2       3       5       4       3       2       3       4
       6       5       4       3       4       5       5       4       3       2       1       2       4       3       2       
	   1       0       1       5       4       3       2       1       2       6       5       4       3       2       3
       7       6       5       4       3       4       6       5       4       3       2       1       5       4       3       
	   2       1       0       6       5       4       3       2       1       7       6       5       4       3       2       
	   8       7       6       5       4       3       2       3       4       5       6       7       1       2       3       
	   4       5       6       0       1       2       3       4       5       1       2       3       4       5       6
       2       3       4       5       6       7       3       2       3       4       5       6       2       1       2       
	   3       4       5       1       0       1       2       3       4       2       1       2       3       4       5
       3       2       3       4       5       6       4       3       2       3       4       5       3       2       1       
	   2       3       4
       2       1       0       1       2       3
       3       2       1       2       3       4
       4       3       2       3       4       5
       5       4       3       2       3       4
       4       3       2       1       2       3
       3       2       1       0       1       2
       4       3       2       1       2       3
       5       4       3       2       3       4
       6       5       4       3       2       3
       5       4       3       2       1       2
       4       3       2       1       0       1
       5       4       3       2       1       2
       6       5       4       3       2       3
       7       6       5       4       3       2
       6       5       4       3       2       1
       5       4       3       2       1       0
       6       5       4       3       2       1
       7       6       5       4       3       2
       3       4       5       6       7       8
       2       3       4       5       6       7
       1       2       3       4       5       6
       0       1       2       3       4       5
       1       2       3       4       5       6
       4       3       4       5       6       7
       3       2       3       4       5       6
       2       1       2       3       4       5
       1       0       1       2       3       4
       2       1       2       3       4       5
       5       4       3       4       5       6
       4       3       2       3       4       5
       3       2       1       2       3       4
       2       1       0       1       2       3
       3       2       1       2       3       4
       6       5       4       3       4       5
       5       4       3       2       3       4
       4       3       2       1       2       3
       3       2       1       0       1       2
       4       3       2       1       2       3
       7       6       5       4       3       4
       6       5       4       3       2       3
       5       4       3       2       1       2
       4       3       2       1       0       1
       5       4       3       2       1       2
       8       7       6       5       4       3
       7       6       5       4       3       2
       6       5       4       3       2       1
       5       4       3       2       1       0
       6       5       4       3       2       1
       4       5       6       7       8       9
       3       4       5       6       7       8
       2       3       4       5       6       7
       1       2       3       4       5       6
       0       1       2       3       4       5
       5       4       5       6       7       8
       4       3       4       5       6       7
       3       2       3       4       5       6
       2       1       2       3       4       5
       1       0       1       2       3       4
       6       5       4       5       6       7
       5       4       3       4       5       6
       4       3       2       3       4       5
       3       2       1       2       3       4
       2       1       0       1       2       3
       7       6       5       4       5       6
       6       5       4       3       4       5
       5       4       3       2       3       4
       4       3       2       1       2       3
       3       2       1       0       1       2
       8       7       6       5       4       5
       7       6       5       4       3       4
       6       5       4       3       2       3
       5       4       3       2       1       2
       4       3       2       1       0       1
       9       8       7       6       5       4
       8       7       6       5       4       3
       7       6       5       4       3       2
       6       5       4       3       2       1
       5       4       3       2       1       0
