0   20   27   29   17    7    6   23   11   18   30  129  165   69   86   27   94   90   75  127    5   13   23   18   13    2   14   25   13    5
   34    0   45   21    5   14   12   20   44   12   12   91   79   74   37   96   46  151  161   47    4   13   23   18   16    7   10   23   17   10
   18   15    0   16    4   15   10    9   25   14   29  124   28  147   22  136   76  127  226  113    8   25   32    8    5    2   17   35   19    7
   19   15   11    0    2   15    3   20   36   18   35   24   43  133   30   69   85  155  240   24   35   11   24   20    8   11    6   11   12    3
   37   19   41   22    0   21   10    8   12   20    6   73  189  139   74   93   18  119  228   44    8   17   18    3   41    9   31   25    5   12
   22    7   38   17    2    0    7    4   30   15   36   36   60   59   45   53   31   57  116  100   12   11   21   24    7    4   11    8   18    2
   35    7   18   27   14   28    0   22   43   11   37   68   78  137   51   48   52  112   35   17   15    8   18   17   28    1   25   38   17    8
   15    8   18   27   14    9    8    0   45   18   11   22   39   48   80   34   27  149  201   76    8   23   24   22   27    8   29   31   24    6
   21   12    9   29    8   18    7   23    0    8   43   58   74   93   46  147   95  111   27   37   19   17    4   24    4    6   23   10   12   15
   19    3   39   22    9   24   13    6   13    0   32  172  115  165   53   68   58  158   81   83   32   19    7   27   21    4   22   35   23   19
   18   10   18   16    3   32    8    3   34    3    0   35   90  102   59  127   33   81  202   58   13   25   31   21   37   11   28   10   24    5
   41   10   32   20   11   22    3   25   31   18   42    0  150  143   37  100   55   23   46   88   25   23   27   12    5    3   21    5   24   20
    9    8   10   12   18    8   12    6   28   15   21  121    0  114   14  162   71  116   89  107   17   26   25   16   31    2   30   30    7   13
   27    7   28   28    9    5    9   17   24   12    6   46  161    0   49  111   44  187  232  166   14    4   24    7   39   12   27    5   14    7
   14    8   42    8   10   12    8   10   43   21   17  124  151   38    0  116   90   78   48  131   28    3   24    6   28    2   11   35   21   18
   13   16   10   27   11   12    2   14   13   20   38   43   79  157   76    0   91   56   98  134    9    9   27   14    7    4   24   16   17   18
   17    3   17   12    5   14    3   12   17    7   39  185  114  157   34   61    0  159   78   41   13   19   27   28    9    3   12   37    6   18
   39   12   16   14   16   15    1   14   12   11   13   54  139  123   89   97   81    0  104   82   27   13    6   15   28   11   19   29    3   20
    9    3   30   20    2   13    9   13   13   21   25  132   26  107   20   29   32  127    0  140   14   25   23   13   31    8   31   29   11    3
   29   15   23    9    5   25    4   13   14   17   20   27  154  135   53  123   58   28  189    0    7   11   24    7   34    7    4   28   19    5
   36    3   33    3    8   34    2   13   17   12   10  202  124   96   26  147   32  105  176  100    0   15   29   20    8    1   28   21   15    2
   10   19   12   29    2   13   10   27    9    9   27   25  109   23   95  100   30   73   62   62   28    0   10   20   11   13    9   28   24   12
   16   11   35   12    6    5    1   23   15    8   15   83  201   53   81   56   23  186  196   31   14    5    0   20   37    6   15   28   17   16
   28   11    6   24   15   20   11   13    6    7    4  177  151  110   29   42   57  188   26  129   14    7   27    0   34    1    5   15   10   17
   31    8   23   27   13   14    9    3   47   20   35  164  135  113   85  100   76   36  231  130   22   10   34    9    0    7   26   23    2    4
   14   11   46   19   10   18    3   23   38   14   34   37   63   68   77   28   22  137   25   80    6   10   29   15   23    0   12    9    9   20
   16   15   38   15   13    8    6   19   19   16   36  167   67   87   52  100   81  149   93  141   16   13   14    9   16   13    0   27    4   14
   39    8   10    4    4   20    8   15   29   14   26  197  103   21   20  146   87   66  111   58   15   16    8    5   32    4   21    0   24   11
   29    8   16   23    3   21    9    3   19   20   16  163  192  152   98  106   70  159  189   65   13   11   11    4   22    1    8   26    0   13
    5   11   29   24    8    9    8   17   33   12   36  159  175  147   43   69   75   72  112   42   33   17   29   18   14    4   13   19   14    0
	
	
	       0       1       2       3       4       5 	   1       2       3       4       5       6       2       3       4       5       6       7       3       4       5       6       7       8       4       5       6       7       8       9
	   1       0       1       2       3       4       2       1       2       3       4       5       3       2       3       4       5       6       4       3       4       5       6       7       5       4       5       6       7       8       
	   2       1       0       1       2       3       3       2       1       2       3       4       4       3       2       3       4       5       5       4       3       4       5       6       6       5       4       5       6       7
       3       2       1       0       1       2       4       3       2       1       2       3       5       4       3       2       3       4       6       5       4       3       4       5       7       6       5       4       5       6
       4       3       2       1       0       1       5       4       3       2       1       2       6       5       4       3       2       3       7       6       5       4       3       4       8       7       6       5       4       5
       5       4       3       2       1       0       6       5       4       3       2       1       7       6       5       4       3       2       8       7       6       5       4       3       9       8       7       6       5       4
       1       2       3       4       5       6       0       1       2       3       4       5       1       2       3       4       5       6       2       3       4       5       6       7
       3       4       5       6       7       8       2       1       2       3       4       5       1       0       1       
	   2       3       4       2       1       2       3       4       5       3       2       3       4       5       6
       4       3       4       5       6       7       3       2       1       2       3       4       2       1       0       
	   1       2       3       3       2       1       2       3       4       4       3       2       3       4       5
       5       4       3       4       5       6       4       3       2       1       2       3       3       2       1       
	   0       1       2       4       3       2       1       2       3       5       4       3       2       3       4
       6       5       4       3       4       5       5       4       3       2       1       2       4       3       2       
	   1       0       1       5       4       3       2       1       2       6       5       4       3       2       3
       7       6       5       4       3       4       6       5       4       3       2       1       5       4       3       
	   2       1       0       6       5       4       3       2       1       7       6       5       4       3       2       
	   8       7       6       5       4       3       2       3       4       5       6       7       1       2       3       
	   4       5       6       0       1       2       3       4       5       1       2       3       4       5       6
       2       3       4       5       6       7       3       2       3       4       5       6       2       1       2       
	   3       4       5       1       0       1       2       3       4       2       1       2       3       4       5
       3       2       3       4       5       6       4       3       2       3       4       5       3       2       1       
	   2       3       4
       2       1       0       1       2       3
       3       2       1       2       3       4
       4       3       2       3       4       5
       5       4       3       2       3       4
       4       3       2       1       2       3
       3       2       1       0       1       2
       4       3       2       1       2       3
       5       4       3       2       3       4
       6       5       4       3       2       3
       5       4       3       2       1       2
       4       3       2       1       0       1
       5       4       3       2       1       2
       6       5       4       3       2       3
       7       6       5       4       3       2
       6       5       4       3       2       1
       5       4       3       2       1       0
       6       5       4       3       2       1
       7       6       5       4       3       2
       3       4       5       6       7       8
       2       3       4       5       6       7
       1       2       3       4       5       6
       0       1       2       3       4       5
       1       2       3       4       5       6
       4       3       4       5       6       7
       3       2       3       4       5       6
       2       1       2       3       4       5
       1       0       1       2       3       4
       2       1       2       3       4       5
       5       4       3       4       5       6
       4       3       2       3       4       5
       3       2       1       2       3       4
       2       1       0       1       2       3
       3       2       1       2       3       4
       6       5       4       3       4       5
       5       4       3       2       3       4
       4       3       2       1       2       3
       3       2       1       0       1       2
       4       3       2       1       2       3
       7       6       5       4       3       4
       6       5       4       3       2       3
       5       4       3       2       1       2
       4       3       2       1       0       1
       5       4       3       2       1       2
       8       7       6       5       4       3
       7       6       5       4       3       2
       6       5       4       3       2       1
       5       4       3       2       1       0
       6       5       4       3       2       1
       4       5       6       7       8       9
       3       4       5       6       7       8
       2       3       4       5       6       7
       1       2       3       4       5       6
       0       1       2       3       4       5
       5       4       5       6       7       8
       4       3       4       5       6       7
       3       2       3       4       5       6
       2       1       2       3       4       5
       1       0       1       2       3       4
       6       5       4       5       6       7
       5       4       3       4       5       6
       4       3       2       3       4       5
       3       2       1       2       3       4
       2       1       0       1       2       3
       7       6       5       4       5       6
       6       5       4       3       4       5
       5       4       3       2       3       4
       4       3       2       1       2       3
       3       2       1       0       1       2
       8       7       6       5       4       5
       7       6       5       4       3       4
       6       5       4       3       2       3
       5       4       3       2       1       2
       4       3       2       1       0       1
       9       8       7       6       5       4
       8       7       6       5       4       3
       7       6       5       4       3       2
       6       5       4       3       2       1
       5       4       3       2       1       0