0   64  128  149  127   17   51   70    5   84   34    9   14   12    4   10   16    3    8    7    5   31   11   37   17   14   18    2   11   28
  156    0   69   87   39   21  133  139   51   65   24   11   11   31    2    2   21   14   19   14    8   11    7   12   19   12   21    5   11   22
   89  103    0   75  125   19  174   81   11   43   13    6   13   27    5    4    4    4    6    7   23   15    9   35    4    7   18    7    6   23
  129   80  114    0   23   37  178   67   51   17   31   14   43   14    9    7    5    4   21    6   21   37    8   32   11   11   39    6   12   26
  189   52  135  128    0   10  134   73   21   82   43   24   43   31    7   13   25   10   38    9    8   21   15    9    8   12   31    2   23   25
   50   37  184  137   35    0  201  126   40   99   13   32   18    9    1    5   13   16   27   19   31   37    3    7    4    4   32    4    5   28
  156  161  180   70   83   40    0  113   22   27   42   24   14   16    6   11   14   17   38   17   18    4   11   31   15   11   40    7   12   22
  153  123   94  105   76   33  182    0   46  101   40   14   11   15   10   10   35    8   10   25   15   39    8   29    5   13   29    2   12   30
  197   93   24  173  140   13   77   46    0   70   24    8   29   11    5    3    4    7    7   12   17   30    5   31   12   15   26    6   10   27
  169  106  106   39  135   40  144  177   49    0   42   21   22   10    1    7   11   14    8   14    3    7    8   12   16    2   16    7   18   19
  137   66  161  179  108   16  123  146    6   80    0   32   16   25    7    4   33    5   27   27    5    9   12   25    2    2   38    3   27   11
   72   19   90   96  132   16  155  138   19   59   33    0    5    3   10   13   31    7   16   13   16   20   10   13    6   12   25    6   18   24
  103   75  155  141   35   38   60  138   25   48   44    4    0   10    1   12    8   18   32   22    9    8    6   27   15    3    5    4   21    4
   61   17  113  173  112   49  157   71   27   33   11   28   26    0   10   11    6    4   27   10    9   15   14   16    8   12   12    1   19   29
  142   86  194  108  152   16  212   75   22   68   12   10   43   17    0    6    4   14    5   22    3   39    6   28    6    8   40    6   22    3
   48   35   29   64   42   21   86  115   32   63   16   12   35   26    8    0   19    5   13   18   14    8    4   17    2    6    9    4   18   16
  193   59  175   88   37   44   88  122   35   52    8   18   35   17    2    4    0   12   25   24   18   34   13    9    7   14   28    5    3   25
  186   94   77   45  135   35   94   85    8   25   24   17   38    9   10   10    9    0   29    8   19   45    2   17   20    7    9    7   24   18
  166  121   65   96   94   41  166   45   37   85    7   16   33   24   10   11    9   10    0   21   24   22    5   26    4    5   26    7   11   30
   19  102   22   55   15   11  137  122   47   38   28   19   36   25   10    3   13    4    8    0    3   12    6   18   11   15   35    7    6   28
  165  151  109  190  140    8  146  116   33   54   20   23   35    9    6   10   15    9   18    5    0   29   14   21   19    7   17    7   28   28
   76   26   25  100   43   17  184  185   30   49   32   35   20    5   10   12   22   15   15    3   19    0    3   11    5   11   33    7   24   12
  114  112   84   30  111   27  123   87    5   85   27   32   15   26    2    4   21   12   22   31    3   42    0   26   15    8   31    4    5   32
  132  148  196  158   54   21  142  106   45   62   27   34   25   30   10    3    6   18   20   27   31   16    8    0   13    8   25    2   19   10
  195   84   69  151   72   10   56  188   13   66   24   27   16   22   11    5   16   14   13   29   10   32   11   11    0   15   32    7   26   12
  113  163   43  160   72   39  163  102   10   77   22   34   30   27    9    3   16   11   16    4    5   27   12    4   17    0    6    2   19   33
   51  126   27   59  138   43  121  166   49   54   32   16   17   23    1    6   32   16    6   18    4   11    3   28    7    7    0    3    7    5
  167  109  177   63  121   42   27  118   42   88   34   32   39   13    3   11    7    4   39   29   27   12    4    5   10   15   30    0    7   16
  170  163  105   39   76   37  169  139   14   26   31   20   21    4    7   13   22   15    7   17   31   27    6   21    8    7   12    4    0   17
  150   89   94  113   16   48   96  131   46   29    9    6   37   14   10    4   34   18   26   25   14   16    9   16    9    5    7    3   11    0
  
  
         0       1       2       3       4       5 	   1       2       3       4       5       6       2       3       4       5       6       7       3       4       5       6       7       8       4       5       6       7       8       9
	   1       0       1       2       3       4       2       1       2       3       4       5       3       2       3       4       5       6       4       3       4       5       6       7       5       4       5       6       7       8       
	   2       1       0       1       2       3       3       2       1       2       3       4       4       3       2       3       4       5       5       4       3       4       5       6       6       5       4       5       6       7
       3       2       1       0       1       2       4       3       2       1       2       3       5       4       3       2       3       4       6       5       4       3       4       5       7       6       5       4       5       6
       4       3       2       1       0       1       5       4       3       2       1       2       6       5       4       3       2       3       7       6       5       4       3       4       8       7       6       5       4       5
       5       4       3       2       1       0       6       5       4       3       2       1       7       6       5       4       3       2       8       7       6       5       4       3       9       8       7       6       5       4
       1       2       3       4       5       6       0       1       2       3       4       5       1       2       3       4       5       6       2       3       4       5       6       7
       3       4       5       6       7       8       2       1       2       3       4       5       1       0       1       
	   2       3       4       2       1       2       3       4       5       3       2       3       4       5       6
       4       3       4       5       6       7       3       2       1       2       3       4       2       1       0       
	   1       2       3       3       2       1       2       3       4       4       3       2       3       4       5
       5       4       3       4       5       6       4       3       2       1       2       3       3       2       1       
	   0       1       2       4       3       2       1       2       3       5       4       3       2       3       4
       6       5       4       3       4       5       5       4       3       2       1       2       4       3       2       
	   1       0       1       5       4       3       2       1       2       6       5       4       3       2       3
       7       6       5       4       3       4       6       5       4       3       2       1       5       4       3       
	   2       1       0       6       5       4       3       2       1       7       6       5       4       3       2       
	   8       7       6       5       4       3       2       3       4       5       6       7       1       2       3       
	   4       5       6       0       1       2       3       4       5       1       2       3       4       5       6
       2       3       4       5       6       7       3       2       3       4       5       6       2       1       2       
	   3       4       5       1       0       1       2       3       4       2       1       2       3       4       5
       3       2       3       4       5       6       4       3       2       3       4       5       3       2       1       
	   2       3       4
       2       1       0       1       2       3
       3       2       1       2       3       4
       4       3       2       3       4       5
       5       4       3       2       3       4
       4       3       2       1       2       3
       3       2       1       0       1       2
       4       3       2       1       2       3
       5       4       3       2       3       4
       6       5       4       3       2       3
       5       4       3       2       1       2
       4       3       2       1       0       1
       5       4       3       2       1       2
       6       5       4       3       2       3
       7       6       5       4       3       2
       6       5       4       3       2       1
       5       4       3       2       1       0
       6       5       4       3       2       1
       7       6       5       4       3       2
       3       4       5       6       7       8
       2       3       4       5       6       7
       1       2       3       4       5       6
       0       1       2       3       4       5
       1       2       3       4       5       6
       4       3       4       5       6       7
       3       2       3       4       5       6
       2       1       2       3       4       5
       1       0       1       2       3       4
       2       1       2       3       4       5
       5       4       3       4       5       6
       4       3       2       3       4       5
       3       2       1       2       3       4
       2       1       0       1       2       3
       3       2       1       2       3       4
       6       5       4       3       4       5
       5       4       3       2       3       4
       4       3       2       1       2       3
       3       2       1       0       1       2
       4       3       2       1       2       3
       7       6       5       4       3       4
       6       5       4       3       2       3
       5       4       3       2       1       2
       4       3       2       1       0       1
       5       4       3       2       1       2
       8       7       6       5       4       3
       7       6       5       4       3       2
       6       5       4       3       2       1
       5       4       3       2       1       0
       6       5       4       3       2       1
       4       5       6       7       8       9
       3       4       5       6       7       8
       2       3       4       5       6       7
       1       2       3       4       5       6
       0       1       2       3       4       5
       5       4       5       6       7       8
       4       3       4       5       6       7
       3       2       3       4       5       6
       2       1       2       3       4       5
       1       0       1       2       3       4
       6       5       4       5       6       7
       5       4       3       4       5       6
       4       3       2       3       4       5
       3       2       1       2       3       4
       2       1       0       1       2       3
       7       6       5       4       5       6
       6       5       4       3       4       5
       5       4       3       2       3       4
       4       3       2       1       2       3
       3       2       1       0       1       2
       8       7       6       5       4       5
       7       6       5       4       3       4
       6       5       4       3       2       3
       5       4       3       2       1       2
       4       3       2       1       0       1
       9       8       7       6       5       4
       8       7       6       5       4       3
       7       6       5       4       3       2
       6       5       4       3       2       1
       5       4       3       2       1       0