 0    2    5   21   25   27   10    6    6    3   33   10   32    6   23   12   25   25   23   16   72   31  127  144  108  203  116   75   22   46
    3    0   13   26    7   26   27   16   15    7   20    8   32   10   24   14   25   23    4   11   85   61  105   38   22  164   28   28   69  124
    7    8    0   24   31   28   12    4   20    5   16   14   32   11   28    8   32   21   10    6   27   95  100   83   77  202   92   27   50   63
   11    2    2    0   16   26   28   12   18    5   37    5   30    2   20   36   22   14   21    6  159  130   72  101   85  165  137   78   78   67
   18    2   13    8    0   32   21   16   27    3   29   12   15   10    4   27   22   15   25   28  153  159   58  174   74  142  101   49   20  122
    4    2    2   25    4    0   10    2   29    8   42    9   23    7   31    7   33   16   19   25   31  119   58  133   74   50   27  109   19   95
   14   17    6   13   30   24    0    3    7    3   41   13   20   11   12   29   18   20   21    7   28   66   23  117  105   77   35   11   63  170
   12    8   14   18   23   16   25    0   31    5   20   20    3    4   28   18    5   15   27   23  130   32   36   56   96   50  119   93   64   35
    3    7    5   23   11   13    7    3    0    9   44    7   33    1    4   27   17   11    3   29   93  179   64  104  112   36  138   60   52  138
    2   18   18   16   22    8    4    6   29    0   39    3   16   10   25   33   19   28    5   40   99  172   39   97   65   33  107   53   49  168
   14    7    8   22   25   12   33    3   25    7    0    3   33    1   28   26   18   18   15   26  108   27  100   76   32  114   64   31   72  114
   14   11    7   20   29   16    4    4   26    6   17    0   10    9   15   36   29   16   19   38   61   24   57   53   50   75   66   21   14   87
    9   10   12   30    5   17   33   13   26    0    7    8    0   10    8    5   11    6   27   29   34  134   86   92   40  196   98   14   67  107
   11    6   10   18   26    9   21    1   16    6   11   15   32    0   15   29    4   11   16   22   78  183   43  141  101   70   35   66   38   56
    6   15    4   26   10   37   13    1   10    4    7    6   29    7    0    7   28   28   21   23   89  207   93   60   45   76  127   24   67   43
   12   11   17    6   19   11   26    2   24    3   22    7   11    3   23    0   31   12   22    5   49  183  135   37   72  159   25   40   30  101
   12    5   12   11   16   36    4   13   11    3   16   10    8    6   35   24    0   15   20   21   98   33   51  134   82   85   49  107   25   56
   16   10    8   25    5   23   26   12   18    8   12    3   35   10   33   12    7    0   14   26  111  201  143  153   20  186   93   75   77   62
    5   14   18    4   19   32   18    1    7    9   16    9   28   11   13   13   15   24    0   35  157  173   71  157   95  165  123  103   80   44
   11    4   12    8   18    5   25    6   12    7   15    9    7    7   30   21   11    3   21    0   56   76   21  131   20  226  134   40   24   45
   14   14   13   22   14   15   13    2    4    5   18    6   12    9   19    5   17   25   23   18    0  174   90  173  100  131  116   30   74   19
   11   17    8   13   22   25   10   14   19    2   42    7    5    6   32   28    9   20   23   33  150    0  112  128   82  100   21   80   80  175
   12   16   15    9   31    8    9    6   23    4   32   19   21    4   30   30   16   12    8   13  111  139    0  136  100   71   63   66   51  135
    3    8   17    5   24   16   10    8   28    2   35    3   22    2   10    6   33   23   23   13  142  164   30    0   88  109   82   78   15   21
   11   13    8   28   23   34   32    6   26    2   11    3   28   10   22   27    9   14    9   50  150   54   78   79    0   93   41   49   44  172
    4   10   19    8   29   13   29    5   30    1   22   11    6   10   34   28   26   15   14   47   66   87   40  121   38    0   82  106   52   46
   19   13   15   24   24   19   19    6   14    6    5   17   36    5   20   11   13   18   12   18  136  136   97   56   66  226    0   39   45   36
    5    9   19   26   25   33   25    3    9    6   37    4   24   12   31   29   12   16   22   24  116   44   67  174   64  214   81    0   78   96
    7    5   15    9   20   23   15   14   13    6   10   12   27   11   15   31   32   27    8   45  147   80   78   41   75  213  138   33    0  151
   17    5   17   27    9   12   15    2   29    3    5   17   11    1   39   35   24   10   16   23  164   34   58  185  107   46   22  101   64    0
   
   
          0       1       2       3       4       5 	   1       2       3       4       5       6       2       3       4       5       6       7       3       4       5       6       7       8       4       5       6       7       8       9
	   1       0       1       2       3       4       2       1       2       3       4       5       3       2       3       4       5       6       4       3       4       5       6       7       5       4       5       6       7       8       
	   2       1       0       1       2       3       3       2       1       2       3       4       4       3       2       3       4       5       5       4       3       4       5       6       6       5       4       5       6       7
       3       2       1       0       1       2       4       3       2       1       2       3       5       4       3       2       3       4       6       5       4       3       4       5       7       6       5       4       5       6
       4       3       2       1       0       1       5       4       3       2       1       2       6       5       4       3       2       3       7       6       5       4       3       4       8       7       6       5       4       5
       5       4       3       2       1       0       6       5       4       3       2       1       7       6       5       4       3       2       8       7       6       5       4       3       9       8       7       6       5       4
       1       2       3       4       5       6       0       1       2       3       4       5       1       2       3       4       5       6       2       3       4       5       6       7
       3       4       5       6       7       8       2       1       2       3       4       5       1       0       1       
	   2       3       4       2       1       2       3       4       5       3       2       3       4       5       6
       4       3       4       5       6       7       3       2       1       2       3       4       2       1       0       
	   1       2       3       3       2       1       2       3       4       4       3       2       3       4       5
       5       4       3       4       5       6       4       3       2       1       2       3       3       2       1       
	   0       1       2       4       3       2       1       2       3       5       4       3       2       3       4
       6       5       4       3       4       5       5       4       3       2       1       2       4       3       2       
	   1       0       1       5       4       3       2       1       2       6       5       4       3       2       3
       7       6       5       4       3       4       6       5       4       3       2       1       5       4       3       
	   2       1       0       6       5       4       3       2       1       7       6       5       4       3       2       
	   8       7       6       5       4       3       2       3       4       5       6       7       1       2       3       
	   4       5       6       0       1       2       3       4       5       1       2       3       4       5       6
       2       3       4       5       6       7       3       2       3       4       5       6       2       1       2       
	   3       4       5       1       0       1       2       3       4       2       1       2       3       4       5
       3       2       3       4       5       6       4       3       2       3       4       5       3       2       1       
	   2       3       4
       2       1       0       1       2       3
       3       2       1       2       3       4
       4       3       2       3       4       5
       5       4       3       2       3       4
       4       3       2       1       2       3
       3       2       1       0       1       2
       4       3       2       1       2       3
       5       4       3       2       3       4
       6       5       4       3       2       3
       5       4       3       2       1       2
       4       3       2       1       0       1
       5       4       3       2       1       2
       6       5       4       3       2       3
       7       6       5       4       3       2
       6       5       4       3       2       1
       5       4       3       2       1       0
       6       5       4       3       2       1
       7       6       5       4       3       2
       3       4       5       6       7       8
       2       3       4       5       6       7
       1       2       3       4       5       6
       0       1       2       3       4       5
       1       2       3       4       5       6
       4       3       4       5       6       7
       3       2       3       4       5       6
       2       1       2       3       4       5
       1       0       1       2       3       4
       2       1       2       3       4       5
       5       4       3       4       5       6
       4       3       2       3       4       5
       3       2       1       2       3       4
       2       1       0       1       2       3
       3       2       1       2       3       4
       6       5       4       3       4       5
       5       4       3       2       3       4
       4       3       2       1       2       3
       3       2       1       0       1       2
       4       3       2       1       2       3
       7       6       5       4       3       4
       6       5       4       3       2       3
       5       4       3       2       1       2
       4       3       2       1       0       1
       5       4       3       2       1       2
       8       7       6       5       4       3
       7       6       5       4       3       2
       6       5       4       3       2       1
       5       4       3       2       1       0
       6       5       4       3       2       1
       4       5       6       7       8       9
       3       4       5       6       7       8
       2       3       4       5       6       7
       1       2       3       4       5       6
       0       1       2       3       4       5
       5       4       5       6       7       8
       4       3       4       5       6       7
       3       2       3       4       5       6
       2       1       2       3       4       5
       1       0       1       2       3       4
       6       5       4       5       6       7
       5       4       3       4       5       6
       4       3       2       3       4       5
       3       2       1       2       3       4
       2       1       0       1       2       3
       7       6       5       4       5       6
       6       5       4       3       4       5
       5       4       3       2       3       4
       4       3       2       1       2       3
       3       2       1       0       1       2
       8       7       6       5       4       5
       7       6       5       4       3       4
       6       5       4       3       2       3
       5       4       3       2       1       2
       4       3       2       1       0       1
       9       8       7       6       5       4
       8       7       6       5       4       3
       7       6       5       4       3       2
       6       5       4       3       2       1
       5       4       3       2       1       0