 0   36  185   47  216   16   56   24  134   46   25    4   41   12    8   46    4   27    6   12    6   21   20    3   13    6   13   11   17   38
  108    0   26   30   72    5  110   72  102   84   24    2   17   35   16   12   23   19    6    6   14   27   16   14    3    8    6   17   12   29
   45   38    0   39   73   46   50   45  137   10    8   11   38   24    8   28   10    4    8    4   21   31   13   31   23    9   12   25   29    9
  169   64  228    0  185   40  265  131   81   25   30   11    5    9   20   22   17    7   21   13   19   33   10   12   10   12    4    4   24   22
   28  171  103   50    0   17  155   45   60   70   19    4   12   16   10   27   22   18   14   12   33    9    3   28   23   10   11    7   31   29
  103   81  212    6  203    0   54   56   95   26   10    2   11    8   18   31    3   29    9   12   32   17    4   15   27    2   16    7   25   21
   76  165  127   22  211   41    0   32   37   89    9   11   17   34   18   12   14   14   15    2    5   16   20   24   29    2   17    2    7   25
  113  101  175   26  129   16  103    0   28   47   17    9   11   19    5   32    7   17   19   16   35   34   11   26   27   10   13    6   26   13
  156  155  129   64  199   38   71  123    0   59   11   14   47   19   19   30   17    3    8    7   19   24    4    9   11   12   17   26   26   16
  163  151  148   34  153   44  268  125   81    0    6   17   16   22    6   18   23   21    5   19   27    3    5   22   29   10   11    3   34   40
  163  104  150   33  127   15  162   99   47   63    0    9   36   19   18   37    9    9   15   19    7    4    3   19   14    4    2   12   32   26
  139  127   84   11   99   12  207   38  115   44    8    0   23   19    2   40    7   17    2   16   27   20    6    3   14    2   11   27   30   28
  123  126   35    7  198   49   44  112   70   25   23   15    0    6   18   13   10    3    5    8   16   28    6   20   22    6    2   17   20   29
   38   77   53   20  103   29  159   64  163   86    8   11   25    0    5   22   13   13   13   21    9   28   15   26   19   11   14   18    4   32
   76   98  204   56  217   49   55   97   75   47   21   12   27   22    0    9   14   27   11   16    7   13   17    4    8   12    7   17    9   39
  128  107  161   66  212   40   56  108  122   16   29    4   21   32   16    0   20   11    6   18   32    8    7    5   18    2    4   25   34   33
  161  177  188   20  166   11   86   17   97   18   18    5   45   37   10   19    0   15    6   14   29   34    3    5   10    6   11    4   11   17
  154   74   90   22   99   17   44  137  170   83   12    7   11   11    6   33    7    0   19   14    9   32   21   13   10    2   19   28    9   12
   36   75   50   23   35   26  224  116  105   29   31   15   22    8    7   26   17    4    0    4   27   22   16   20    7    6   13   16   22   10
   21   83  133   25  193   36   86   35  128   58   31   17   34   10    5   20   21   17    4    0   13   16   21   16    4    5   18   21   31   16
  135  145  154    7   44   35   37   25  149   60   14    3   47    9   10   44    5   18   18   19    0   22   25   28   13    3    5   20   21   32
  119   68  107   35   93   15   99   23   63   83   30    7   44    7   16   24   13   26    4   19   30    0    3    3   22    8    6   28    8   34
   73  124   80   38   97   44  232   69   91   28   28   14   34   20   17   17    6   18   14    3    8    6    0   15   26   11   13   11   32    5
   69   94  128   13   96    6  183  104  102   94   23    3   35    7   16   22   21   24    4   22   28   13   20    0   20   10    8    5   16    7
  116  106  159   51   31   50  144   96  127   35   26    3    8   23    6   44    8    7   12   16   15   31   25   31    0    8   11   13   23   18
   27   48  191   26   35    7  124  107  102   17   25    3   11   37   12   34   12    7   16   18   28   31   14   18   11    0    5    6   12   35
  101   44   31   54  115   16  130  130   51   82    8   13    9    5   20   10   22   28   16    2   11   20   12    3   13   12    0   23   16    8
  100  107  131   16  104   42  113  124  154   84   27    2   45   33   20   21   12   24    7   10   27   28    4   17   21    8    2    0   35   30
  159   37  133   13   43   32  110   17  107   76   17   14    7   27   20   19   19    7   18   12    5   17    5    5   10    3    6    7    0   10
   79  168   78   26  164    5  155   34  155   32   11   13   23    4   12   17   20   19   19   22   12   12   14    7    8    3   13   27   18    0
   
   
          0       1       2       3       4       5 	   1       2       3       4       5       6       2       3       4       5       6       7       3       4       5       6       7       8       4       5       6       7       8       9
	   1       0       1       2       3       4       2       1       2       3       4       5       3       2       3       4       5       6       4       3       4       5       6       7       5       4       5       6       7       8       
	   2       1       0       1       2       3       3       2       1       2       3       4       4       3       2       3       4       5       5       4       3       4       5       6       6       5       4       5       6       7
       3       2       1       0       1       2       4       3       2       1       2       3       5       4       3       2       3       4       6       5       4       3       4       5       7       6       5       4       5       6
       4       3       2       1       0       1       5       4       3       2       1       2       6       5       4       3       2       3       7       6       5       4       3       4       8       7       6       5       4       5
       5       4       3       2       1       0       6       5       4       3       2       1       7       6       5       4       3       2       8       7       6       5       4       3       9       8       7       6       5       4
       1       2       3       4       5       6       0       1       2       3       4       5       1       2       3       4       5       6       2       3       4       5       6       7
       3       4       5       6       7       8       2       1       2       3       4       5       1       0       1       
	   2       3       4       2       1       2       3       4       5       3       2       3       4       5       6
       4       3       4       5       6       7       3       2       1       2       3       4       2       1       0       
	   1       2       3       3       2       1       2       3       4       4       3       2       3       4       5
       5       4       3       4       5       6       4       3       2       1       2       3       3       2       1       
	   0       1       2       4       3       2       1       2       3       5       4       3       2       3       4
       6       5       4       3       4       5       5       4       3       2       1       2       4       3       2       
	   1       0       1       5       4       3       2       1       2       6       5       4       3       2       3
       7       6       5       4       3       4       6       5       4       3       2       1       5       4       3       
	   2       1       0       6       5       4       3       2       1       7       6       5       4       3       2       
	   8       7       6       5       4       3       2       3       4       5       6       7       1       2       3       
	   4       5       6       0       1       2       3       4       5       1       2       3       4       5       6
       2       3       4       5       6       7       3       2       3       4       5       6       2       1       2       
	   3       4       5       1       0       1       2       3       4       2       1       2       3       4       5
       3       2       3       4       5       6       4       3       2       3       4       5       3       2       1       
	   2       3       4
       2       1       0       1       2       3
       3       2       1       2       3       4
       4       3       2       3       4       5
       5       4       3       2       3       4
       4       3       2       1       2       3
       3       2       1       0       1       2
       4       3       2       1       2       3
       5       4       3       2       3       4
       6       5       4       3       2       3
       5       4       3       2       1       2
       4       3       2       1       0       1
       5       4       3       2       1       2
       6       5       4       3       2       3
       7       6       5       4       3       2
       6       5       4       3       2       1
       5       4       3       2       1       0
       6       5       4       3       2       1
       7       6       5       4       3       2
       3       4       5       6       7       8
       2       3       4       5       6       7
       1       2       3       4       5       6
       0       1       2       3       4       5
       1       2       3       4       5       6
       4       3       4       5       6       7
       3       2       3       4       5       6
       2       1       2       3       4       5
       1       0       1       2       3       4
       2       1       2       3       4       5
       5       4       3       4       5       6
       4       3       2       3       4       5
       3       2       1       2       3       4
       2       1       0       1       2       3
       3       2       1       2       3       4
       6       5       4       3       4       5
       5       4       3       2       3       4
       4       3       2       1       2       3
       3       2       1       0       1       2
       4       3       2       1       2       3
       7       6       5       4       3       4
       6       5       4       3       2       3
       5       4       3       2       1       2
       4       3       2       1       0       1
       5       4       3       2       1       2
       8       7       6       5       4       3
       7       6       5       4       3       2
       6       5       4       3       2       1
       5       4       3       2       1       0
       6       5       4       3       2       1
       4       5       6       7       8       9
       3       4       5       6       7       8
       2       3       4       5       6       7
       1       2       3       4       5       6
       0       1       2       3       4       5
       5       4       5       6       7       8
       4       3       4       5       6       7
       3       2       3       4       5       6
       2       1       2       3       4       5
       1       0       1       2       3       4
       6       5       4       5       6       7
       5       4       3       4       5       6
       4       3       2       3       4       5
       3       2       1       2       3       4
       2       1       0       1       2       3
       7       6       5       4       5       6
       6       5       4       3       4       5
       5       4       3       2       3       4
       4       3       2       1       2       3
       3       2       1       0       1       2
       8       7       6       5       4       5
       7       6       5       4       3       4
       6       5       4       3       2       3
       5       4       3       2       1       2
       4       3       2       1       0       1
       9       8       7       6       5       4
       8       7       6       5       4       3
       7       6       5       4       3       2
       6       5       4       3       2       1
       5       4       3       2       1       0