0  160   39   13   46   73   54   20   66   43   21   14    6    2   22   56   31   14    7   11   10    5   10   12   12   36    9    4   33   14
   46    0  180   35  145   32   23   21   33   57   11   42    5   17   34   41   29   16   15   12    6   12   14    7   12   10   29    9    6    6
   68   91    0   73   74   96   68   12   75  110   22   67   21    7   34    8   20   31    1   13    3   10   22   10    8   32   43   12   10    4
   88   24  197    0  189   26  108   13   63   64    7   36    5   15   33    8   32   34   11    8    9   33   12   10   14   54   37   11    9    7
   81   80  192  112    0   87  134   41   55   41    4   43   21   12   37   27   33   25   12   13   13   26   11    4    3   33   33   10   13    4
   90  151  175   88  145    0   17   63   15   63   27   45    7    5   28   41   27   16    3    4   15   30   24    4   10   42   31    1   26    8
   77   27  258   34   34   98    0   19   40   88   37    8    9   14   42   52   22   27    7    5    7   36   24   10   10   37   42    5   17    7
   75   86  241   72  266   53  136    0   26   49   21   52   24   18   13   23   28   37    2   11   11   31   13    6    9   50   14    6   28   13
   31   32  193   37  169   14   47   46    0   51    8   27   24    9    6   29   14   40    3    9   16   12   31    3    9   60   24    6    8    6
   62  154   44   40  104   45   39   40   53    0   29    6    3    5   27   48   17   19    5    3    9   31    6    9   13   16   19   11   32    7
   21   93   70   90  219   67   45   65   74   24    0   40   24   17   26   15    7   35    3    8   15   30    6   13    8   41   18   12   36    8
   85  133   39   42  163  111   68   35    8   51   39    0   22   18   10   56   28   38   15    4   15   15   28    3    3   44   42    2   23   13
   11  152   95   83  122   16   31   67   11   88   25   38    0    8   13   27   36   44    6   13   13   28   29   10   13   69   32   12   29    9
   72   84   38   25  226  117  113   57   75  102   42   43   15    0   32   21   31   11    3    1   15   31   24   13    9   32   33   10   37    2
   40  122  103  108  180   75   37   53   38  110   43   22   23    7    0   50    4    7    9    5   16    7   28    7   12   24   24    6    7    7
   37   81  260   46  266  103  126   77   22   14   33   23    6    5   32    0   30   42   10    7    7    5   31    5    5   19    6    8   40   11
   39   91  157  104   91   88  133   72   47   88   41   21   30    6   10   38    0   31    2   14    9   12   23    5   13   14   43   12    6   11
   72  112  108   37  174  116   73   31   52  106   14   40    7    3   22   46    6    0   10    3   15   33   30    4    4   15   16    8   29    1
   32   20   96   73  296   93   24   37   54   15   12   44   19   11    9   44   10   28    0    8    8   19   29    7    2   39   46    3   39   12
   57   61  237   41   58   55  109   12    9   88   21   10   28   10   15   17    9   20   11    0   12   26   24   10    9   39   47    9   14   10
   86   75  156  109  286   77  103   54   57  115   34   62   25   20   13   12   11   41    6    5    0    7   23    9    1   29   35    4   23    7
   40   39  201  103  156  121   24   35   72  128   22    6    9   20   36   27    3   43    9    3   15    0   16    7    6   16   32    9   18    1
   34   27   60   59   67   32   98   27   54   56   22    8    9    6   23   53   19   24   12   11    3   13    0   12    7   14   37    8   23    2
   59   99  167   61  272   39  123   69   70  104   24   25   18    7   43   27   26   17    5    1    8   30   31    0   12   10   16    4   12   13
   49   91   35   60   88   17   27   36   57   42    5   34    8   13   38    9   31   33    5   12    8    7   14    3    0   11   26    2   23    9
   58   65  118  111   46  124   81   66   63   62   18   61   31    3   11   16   14   29    6   10   15   16    5    7    7    0   26    4   26   13
   78   59  207   69  217  101  122   38   76  115   43   56   14    2   23   22   17   33   11    5    2   34   29    2    7   38    0   12   22    7
   67  163  108  106  179   78  133   73   12   41   29   45    9    8    7   49   34   40    3    1    9   34   22   11    9   45   17    0   13   10
   20  149   44   69   82   74   81   56   25   32    8   29   21   15   41    8   14   16   13   13   10    7    9    9    4   15   13    3    0   14
   25  101  230   70  234  100   61   74   76   39   16   55   23   21   12   27   26   37   12    7    9   15    5    7    5   49   16   11   37    0
   
   
          0       1       2       3       4       5 	   1       2       3       4       5       6       2       3       4       5       6       7       3       4       5       6       7       8       4       5       6       7       8       9
	   1       0       1       2       3       4       2       1       2       3       4       5       3       2       3       4       5       6       4       3       4       5       6       7       5       4       5       6       7       8       
	   2       1       0       1       2       3       3       2       1       2       3       4       4       3       2       3       4       5       5       4       3       4       5       6       6       5       4       5       6       7
       3       2       1       0       1       2       4       3       2       1       2       3       5       4       3       2       3       4       6       5       4       3       4       5       7       6       5       4       5       6
       4       3       2       1       0       1       5       4       3       2       1       2       6       5       4       3       2       3       7       6       5       4       3       4       8       7       6       5       4       5
       5       4       3       2       1       0       6       5       4       3       2       1       7       6       5       4       3       2       8       7       6       5       4       3       9       8       7       6       5       4
       1       2       3       4       5       6       0       1       2       3       4       5       1       2       3       4       5       6       2       3       4       5       6       7
       3       4       5       6       7       8       2       1       2       3       4       5       1       0       1       
	   2       3       4       2       1       2       3       4       5       3       2       3       4       5       6
       4       3       4       5       6       7       3       2       1       2       3       4       2       1       0       
	   1       2       3       3       2       1       2       3       4       4       3       2       3       4       5
       5       4       3       4       5       6       4       3       2       1       2       3       3       2       1       
	   0       1       2       4       3       2       1       2       3       5       4       3       2       3       4
       6       5       4       3       4       5       5       4       3       2       1       2       4       3       2       
	   1       0       1       5       4       3       2       1       2       6       5       4       3       2       3
       7       6       5       4       3       4       6       5       4       3       2       1       5       4       3       
	   2       1       0       6       5       4       3       2       1       7       6       5       4       3       2       
	   8       7       6       5       4       3       2       3       4       5       6       7       1       2       3       
	   4       5       6       0       1       2       3       4       5       1       2       3       4       5       6
       2       3       4       5       6       7       3       2       3       4       5       6       2       1       2       
	   3       4       5       1       0       1       2       3       4       2       1       2       3       4       5
       3       2       3       4       5       6       4       3       2       3       4       5       3       2       1       
	   2       3       4
       2       1       0       1       2       3
       3       2       1       2       3       4
       4       3       2       3       4       5
       5       4       3       2       3       4
       4       3       2       1       2       3
       3       2       1       0       1       2
       4       3       2       1       2       3
       5       4       3       2       3       4
       6       5       4       3       2       3
       5       4       3       2       1       2
       4       3       2       1       0       1
       5       4       3       2       1       2
       6       5       4       3       2       3
       7       6       5       4       3       2
       6       5       4       3       2       1
       5       4       3       2       1       0
       6       5       4       3       2       1
       7       6       5       4       3       2
       3       4       5       6       7       8
       2       3       4       5       6       7
       1       2       3       4       5       6
       0       1       2       3       4       5
       1       2       3       4       5       6
       4       3       4       5       6       7
       3       2       3       4       5       6
       2       1       2       3       4       5
       1       0       1       2       3       4
       2       1       2       3       4       5
       5       4       3       4       5       6
       4       3       2       3       4       5
       3       2       1       2       3       4
       2       1       0       1       2       3
       3       2       1       2       3       4
       6       5       4       3       4       5
       5       4       3       2       3       4
       4       3       2       1       2       3
       3       2       1       0       1       2
       4       3       2       1       2       3
       7       6       5       4       3       4
       6       5       4       3       2       3
       5       4       3       2       1       2
       4       3       2       1       0       1
       5       4       3       2       1       2
       8       7       6       5       4       3
       7       6       5       4       3       2
       6       5       4       3       2       1
       5       4       3       2       1       0
       6       5       4       3       2       1
       4       5       6       7       8       9
       3       4       5       6       7       8
       2       3       4       5       6       7
       1       2       3       4       5       6
       0       1       2       3       4       5
       5       4       5       6       7       8
       4       3       4       5       6       7
       3       2       3       4       5       6
       2       1       2       3       4       5
       1       0       1       2       3       4
       6       5       4       5       6       7
       5       4       3       4       5       6
       4       3       2       3       4       5
       3       2       1       2       3       4
       2       1       0       1       2       3
       7       6       5       4       5       6
       6       5       4       3       4       5
       5       4       3       2       3       4
       4       3       2       1       2       3
       3       2       1       0       1       2
       8       7       6       5       4       5
       7       6       5       4       3       4
       6       5       4       3       2       3
       5       4       3       2       1       2
       4       3       2       1       0       1
       9       8       7       6       5       4
       8       7       6       5       4       3
       7       6       5       4       3       2
       6       5       4       3       2       1
       5       4       3       2       1       0