0 0 0 0 0 0 0 0 0 0 0 626.3
0 0 0 686.1 0 1226.2 0 0 0 0 0 0
0 0 0 0 0 0 0 0 663.6 376.4 0 0
0 311.6 0 0 0 0 686.1 0 0 0 0 0
0 0 376.4 0 0 0 0 0 0 160.6 0 0
0 0 0 0 0 0 311.6 0 0 0 0 0
0 780.4 0 311.6 0 686.1 0 0 0 0 0 0
536.6 0 0 0 0 0 0 0 0 0 0 0
0 0 0 0 663.6 0 0 0 0 0 376.4 0
0 0 824.2 0 0 0 0 0 376.4 0 0 0
0 0 0 0 0 0 0 0 0 663.6 0 0
0 0 0 0 0 0 0 618.9 0 0 0 0


0 10 20	30 40 50 70 60 50 40 30 20
10 0 10	20 30 40 60 50 40 30 20 30
20 10 0	10 20 30 50 40 30 20 30 40
30 20 10 0 10 20 40 30 20 30 40	50
40 30 20 10 0 10 30 20 30 40 50 60
50 40 30 20 10 0 20 30 40 50 60 70
70 60 50 40 30 20 0 10 20 30 40 50
60 50 40 30 20 30 10 0 10 20 30 40
50 40 30 20 30 40 20 10 0 10 20 30
40 30 20 30 40 50 30 20 10 0 10 20
30 20 30 40 50 60 40 30 20 10 0 10
20 30 40 50 60 70 50 40 30 20 10 0