0 0 0 0 0 0 0 0 0 0 0 1147.8
0 0 0 810.4 0 1749.1 0 0 0 0 0 0
0 0 0 0 0 0 0 0 886.3 565.6 0 0
0 969.6 0 0 0 0 810.4 0 0 0 0 0
0 0 565.6 0 0 0 0 0 0 549.6 0 0
0 0 0 0 0 0 969.6 0 0 0 0 0
0 999.8 0 969.6 0 810.4 0 0 0 0 0 0
670.5 0 0 0 0 0 0 0 0 0 0 0
0 0 0 0 886.3 0 0 0 0 0 565.6 0
0 0 1435.9 0 0 0 0 0 565.6 0 0 0
0 0 0 0 0 0 0 0 0 886.3 0 0
0 0 0 0 0 0 0 1346.7 0 0 0 0




0 10 20	30 40 50 70 60 50 40 30 20
10 0 10	20 30 40 60 50 40 30 20 30
20 10 0	10 20 30 50 40 30 20 30 40
30 20 10 0 10 20 40 30 20 30 40	50
40 30 20 10 0 10 30 20 30 40 50 60
50 40 30 20 10 0 20 30 40 50 60 70
70 60 50 40 30 20 0 10 20 30 40 50
60 50 40 30 20 30 10 0 10 20 30 40
50 40 30 20 30 40 20 10 0 10 20 30
40 30 20 30 40 50 30 20 10 0 10 20
30 20 30 40 50 60 40 30 20 10 0 10
20 30 40 50 60 70 50 40 30 20 10 0