0 0 0 0 0 0 0 0 0 0 0 1209.4
0 0 0 491 0 881.8 0 0 0 0 0 0
0 0 0 0 0 0 0 0 910.1 650.3 0 0
0 925.3 0 0 0 0 491 0 0 0 0 0
0 0 650.3 0 0 0 0 0 0 717.2 0 0
0 0 0 0 0 0 925.3 0 0 0 0 0
0 367.7 0 925.3 0 491 0 0 0 0 0 0
1728.6 0 0 0 0 0 0 0 0 0 0 0
0 0 0 0 910.1 0 0 0 0 0 650.3 0
0 0 1627.3 0 0 0 0 0 650.3 0 0 0
0 0 0 0 0 0 0 0 0 910.1 0 0
0 0 0 0 0 0 0 1430 0 0 0 0

0 10 20	30 40 50 70 60 50 40 30 20
10 0 10	20 30 40 60 50 40 30 20 30
20 10 0	10 20 30 50 40 30 20 30 40
30 20 10 0 10 20 40 30 20 30 40	50
40 30 20 10 0 10 30 20 30 40 50 60
50 40 30 20 10 0 20 30 40 50 60 70
70 60 50 40 30 20 0 10 20 30 40 50
60 50 40 30 20 30 10 0 10 20 30 40
50 40 30 20 30 40 20 10 0 10 20 30
40 30 20 30 40 50 30 20 10 0 10 20
30 20 30 40 50 60 40 30 20 10 0 10
20 30 40 50 60 70 50 40 30 20 10 0