0 0 0 0 0 0 0 0 0 0 0 1403.3
0 0 0 877.2 0 873 0 0 0 0 0 0
0 0 0 0 0 0 0 0 758.9 650.3 0 0
0 825.7 0 0 0 0 877.2 0 0 0 0 0
0 0 650.3 0 0 0 0 0 0 525.8 0 0
0 0 0 0 0 0 825.7 0 0 0 0 0
0 206.6 0 825.7 0 877.2 0 0 0 0 0 0
1658.1 0 0 0 0 0 0 0 0 0 0 0
0 0 0 0 758.9 0 0 0 0 0 650.3 0
0 0 1284.7 0 0 0 0 0 650.3 0 0 0
0 0 0 0 0 0 0 0 0 758.9 0 0
0 0 0 0 0 0 0 1444.4 0 0 0 0 

0 10 20	30 40 50 70 60 50 40 30 20
10 0 10	20 30 40 60 50 40 30 20 30
20 10 0	10 20 30 50 40 30 20 30 40
30 20 10 0 10 20 40 30 20 30 40	50
40 30 20 10 0 10 30 20 30 40 50 60
50 40 30 20 10 0 20 30 40 50 60 70
70 60 50 40 30 20 0 10 20 30 40 50
60 50 40 30 20 30 10 0 10 20 30 40
50 40 30 20 30 40 20 10 0 10 20 30
40 30 20 30 40 50 30 20 10 0 10 20
30 20 30 40 50 60 40 30 20 10 0 10
20 30 40 50 60 70 50 40 30 20 10 0