0 0 0 0	0 0 0 0 0 0 0 1658.8
0 0 0 682.3 0 1564.3 0 0 0 0 0 0
0 0 0 0 0 0 0 0 256.5 622 0 0
0 608.8	0 0 0 0 682.3 0 0 0 0 0
0 0 622	0 0 0 0 0 0 409.3 0 0
0 0 0 0	0 0 608.8 0 0 0 0 0
0 873.6 0 608.8	0 682.3	0 0 0 0 0 0
1103.2 0 0 0 0 0 0 0 0 0 0 0
0 0 0 0 256.5 0 0 0 0 0 622 0
0 0 665.8 0 0 0 0 0 622 0 0 0
0 0 0 0	0 0 0 0 0 256.5	0 0
0 0 0 0	0 0 0 969 0 0 0 0




0 10 20	30 40 50 70 60 50 40 30 20
10 0 10	20 30 40 60 50 40 30 20 30
20 10 0	10 20 30 50 40 30 20 30 40
30 20 10 0 10 20 40 30 20 30 40	50
40 30 20 10 0 10 30 20 30 40 50 60
50 40 30 20 10 0 20 30 40 50 60 70
70 60 50 40 30 20 0 10 20 30 40 50
60 50 40 30 20 30 10 0 10 20 30 40
50 40 30 20 30 40 20 10 0 10 20 30
40 30 20 30 40 50 30 20 10 0 10 20
30 20 30 40 50 60 40 30 20 10 0 10
20 30 40 50 60 70 50 40 30 20 10 0