0   24   70    6   73   40   31   43   48  107    4    5   11   10   11    2    5   34    1   19   96   90  100   61   44   46  118   94   48   59
   36    0   21    5   37   26   16   42   76  117   30    6   11   19   12    3   20    5    2   27   72   20  103   36   12   40   28   85   27   27
   23   36    0   18   13   19   77   17   29   93   21    5    9    6   23    8   21   15    6   29   27   61   70   14   85   51   62   78   45   34
   78   55   16    0   56   47   72   13  100   54   32    2   12   24    4    4    9   33   11   13   19   99   61   52   84   20   58   49   52   71
   31   32   59   19    0   24   65   15   42   56   12    4    3    9   19    6   20   15    7   17  109  127  182   26   38   49   25   57   52   32
   77    7   21   10   10    0   10   43   12   47   31    3   13   12   13    5   18   21    8   26   47  111   27   90  100   64   59   54   15   77
   28   36  121   22   18   28    0   32   98   96   27    6    8   16    3    4   21   33    8   12   68   70  168   73   32   49  116   95   19   92
   74   24   88   30   66   35   71    0   21  107   26    1   15   19    8    2    9   13    9   19   24  133  197   70   87   38   61   42   30   60
   38   44  121   16   13   28   59    4    0   63   19    6   13   13    8    1   16   12    4   29   15   19  123   38   56   47   81   93   30   61
   91   53  121   30   27   15   31   41   88    0   10    6    3   20   12    3    2    8    4   12   29  129   93   51   74   13  116   54   41   65
   31   49  113   17   89   31   33   29   15   56    0    2   13    9    6    4   15   31    7   11   47  122   22   42  110   40  128   95   24   51
   40   39   78   22   39   32   76   17   97   91   25    0    8   15   16    5   12   26    9   19   21  140   98   99   12   25   39   64   14   67
   16   56   86   14   86   24   16   23   20   80   21    6    0   25    5    7   14    6   10   16  120  133   22  104   25   57   73   24   25   66
   10   33  123   22   91   36   44   12   17   19   18    1    8    0    3    1   20    9    6   23   59   46   99  104   32   47   29   23    8   67
  100   45   81   20   63    5   47   41   61   68    5    4    7   12    0    8    4    7    1   21   28   93   64   78  103   25   31   50   17   11
   48   26   36   34   43   40   54   32   83   31   19    5    7   22   19    0   13   30   11   23   59  133   38   61   18   63   51   24   13   89
   10   64  109   27   82   34   76   37   56   29   20    5    2   16   15    6    0   27   11   25   66   48   83   39   34   42  106   46   34   52
   19   11   50   27   13    7   46   16   76   47   14    6   16   23    5    6   20    0    1   29   61   39  104   69   76   21   84   44   25   23
   30   16   53   39   18   37   59   13   24   35   23    6    4    4    2    8   18   29    0   26  114   46   93   69   99   18  116   27   34   49
   73   54   79   30   39   40   70   21   91   31    9    7   11   25    9    1   19   21   10    0   19   69  201   73  101   16   13   63   51   34
   56   17   78   21   28   37   12   35   93   61   28    1   17   29   13    3    4   16    2   24    0   26  133   17  101   12  111   31    5   88
   31   61   94    6   95   13   37   33   16   39    4    7   12   29   13    3    5   15   10   19   84    0  138   60   66   46  117   20   24   88
   18   28   80   29   62   23   28   26   87   75   17    4   12   12   12    3   17   30    5    3   91  145    0   56   50   52   29   50   48   91
   23   14   61   15   21   25   78   45   47   90    5    4   11   15   19    1    6   22    6   16   87   90  146    0   65   39   85   69   14   79
   30   40  109   13   14   25   32   42   16   48   18    6   13    3   15    2    6   10    1    9   39   88   80   82    0   17   97   31   36   22
   67   18   42   32   78   27   13   44   53   26   26    2   13    9   20    5   13   17   10    3  110   53  116   75   15    0   53   62   36   61
   16   50   33   15   55    6   70   41   11  102   11    2    7   17   22    9    5    6    7   26   57   47   30   93   67   22    0   40   47   52
   51   48   91   33   58   40   54   40   75   98   21    3   16   12   18    7    5   10    3   29   18   79   49  111   97   65   52    0   35   84
   99   28   50   38   54   47    8   36   92   65   22    7   16   12    8    7   11    5    2   22   69  118  130   58  103   39   41   50    0   10
   13    8   58   21   93   24   24   32   64   94   19    2    2   27   12    1    7   21    8   15  116   40   60   79   33   68   49   75   51    0
   
   
          0       1       2       3       4       5 	   1       2       3       4       5       6       2       3       4       5       6       7       3       4       5       6       7       8       4       5       6       7       8       9
	   1       0       1       2       3       4       2       1       2       3       4       5       3       2       3       4       5       6       4       3       4       5       6       7       5       4       5       6       7       8       
	   2       1       0       1       2       3       3       2       1       2       3       4       4       3       2       3       4       5       5       4       3       4       5       6       6       5       4       5       6       7
       3       2       1       0       1       2       4       3       2       1       2       3       5       4       3       2       3       4       6       5       4       3       4       5       7       6       5       4       5       6
       4       3       2       1       0       1       5       4       3       2       1       2       6       5       4       3       2       3       7       6       5       4       3       4       8       7       6       5       4       5
       5       4       3       2       1       0       6       5       4       3       2       1       7       6       5       4       3       2       8       7       6       5       4       3       9       8       7       6       5       4
       1       2       3       4       5       6       0       1       2       3       4       5       1       2       3       4       5       6       2       3       4       5       6       7
       3       4       5       6       7       8       2       1       2       3       4       5       1       0       1       
	   2       3       4       2       1       2       3       4       5       3       2       3       4       5       6
       4       3       4       5       6       7       3       2       1       2       3       4       2       1       0       
	   1       2       3       3       2       1       2       3       4       4       3       2       3       4       5
       5       4       3       4       5       6       4       3       2       1       2       3       3       2       1       
	   0       1       2       4       3       2       1       2       3       5       4       3       2       3       4
       6       5       4       3       4       5       5       4       3       2       1       2       4       3       2       
	   1       0       1       5       4       3       2       1       2       6       5       4       3       2       3
       7       6       5       4       3       4       6       5       4       3       2       1       5       4       3       
	   2       1       0       6       5       4       3       2       1       7       6       5       4       3       2       
	   8       7       6       5       4       3       2       3       4       5       6       7       1       2       3       
	   4       5       6       0       1       2       3       4       5       1       2       3       4       5       6
       2       3       4       5       6       7       3       2       3       4       5       6       2       1       2       
	   3       4       5       1       0       1       2       3       4       2       1       2       3       4       5
       3       2       3       4       5       6       4       3       2       3       4       5       3       2       1       
	   2       3       4
       2       1       0       1       2       3
       3       2       1       2       3       4
       4       3       2       3       4       5
       5       4       3       2       3       4
       4       3       2       1       2       3
       3       2       1       0       1       2
       4       3       2       1       2       3
       5       4       3       2       3       4
       6       5       4       3       2       3
       5       4       3       2       1       2
       4       3       2       1       0       1
       5       4       3       2       1       2
       6       5       4       3       2       3
       7       6       5       4       3       2
       6       5       4       3       2       1
       5       4       3       2       1       0
       6       5       4       3       2       1
       7       6       5       4       3       2
       3       4       5       6       7       8
       2       3       4       5       6       7
       1       2       3       4       5       6
       0       1       2       3       4       5
       1       2       3       4       5       6
       4       3       4       5       6       7
       3       2       3       4       5       6
       2       1       2       3       4       5
       1       0       1       2       3       4
       2       1       2       3       4       5
       5       4       3       4       5       6
       4       3       2       3       4       5
       3       2       1       2       3       4
       2       1       0       1       2       3
       3       2       1       2       3       4
       6       5       4       3       4       5
       5       4       3       2       3       4
       4       3       2       1       2       3
       3       2       1       0       1       2
       4       3       2       1       2       3
       7       6       5       4       3       4
       6       5       4       3       2       3
       5       4       3       2       1       2
       4       3       2       1       0       1
       5       4       3       2       1       2
       8       7       6       5       4       3
       7       6       5       4       3       2
       6       5       4       3       2       1
       5       4       3       2       1       0
       6       5       4       3       2       1
       4       5       6       7       8       9
       3       4       5       6       7       8
       2       3       4       5       6       7
       1       2       3       4       5       6
       0       1       2       3       4       5
       5       4       5       6       7       8
       4       3       4       5       6       7
       3       2       3       4       5       6
       2       1       2       3       4       5
       1       0       1       2       3       4
       6       5       4       5       6       7
       5       4       3       4       5       6
       4       3       2       3       4       5
       3       2       1       2       3       4
       2       1       0       1       2       3
       7       6       5       4       5       6
       6       5       4       3       4       5
       5       4       3       2       3       4
       4       3       2       1       2       3
       3       2       1       0       1       2
       8       7       6       5       4       5
       7       6       5       4       3       4
       6       5       4       3       2       3
       5       4       3       2       1       2
       4       3       2       1       0       1
       9       8       7       6       5       4
       8       7       6       5       4       3
       7       6       5       4       3       2
       6       5       4       3       2       1
       5       4       3       2       1       0