0   24   13    4    2   10   23   16   12    7    7   17   14   28   17   32   17   14   28    4   58   85  170  106   27   22  156  147   37  130
    9    0   12    3   13    9   31   14   15    9    6   35   13   31    6   21    4    4   31   24   90  118   19  115   32   76  223   80   10  134
    3   19    0   14   18    7   39   16   36   26    3   28    9   48    5   13   13    5   15    4  114   76   78   39   72   57   91  208   39  121
   11   23   22    0    3    7   35    2   35   17    6    8    4   48    7   11   21   28   17   26  102   61  169   41   20   72  200  175   30   24
    3   35   13   17    0    4   27    9   37   34   10   11    6   10    5   36    8    7   13   17  100  140   80   64   41   92   99   25   43   16
    4   28   18    4   11    0   32    9   21   28    2   30    9   22    9   39   14    7    4   16  190  127  177   23   44  114  150  163   21  130
   13    5   11   10    6    3    0    7   39   17   11   47   11   49    5   15   19   13   11   30  147   85  124  112   87  108   88  130   46   25
   11   13    9   11   13   10    7    0   10   33    4   21   12   14   15   47    6   10   33   24  190  130   89   68   53   29  100   38   38   54
    8   10   16   12   17    6   36   10    0   23    2   24    2   32    5   16   11   20   28   15  180   51   52  130   62  121  179  193   11  138
   12   17    8    6   16    4   37   15   13    0   13    8    2   24   12   47   12   22   19   21   75   83  142   25   67  104  250   31   24  124
   17   36   12    8    8    6   33   15   30   11    0   34   12   17    3   21   10   21   15   20  176   42  187   96   70   31   63  109   38   73
    9   39    7   12    4    4   26    9    7   27    3    0    6   18   10   17    5   16    9   11  161   85  102   84   38   15  211  205   38  118
    4   18   11    2    3    2   39    6   10   33    7   27    0   18    9   35    7   24   32   29  138  125  121  105   84   81   65  184   33   44
    5   27   21    2   16   11   40   17   30   26    8   10   13    0   14   29   11   14    7   11  143   88   77   49   19   67   93   47   43  113
    4    7   16   10    7    2   37   17   30    3    4   40    4   13    0    8   18   28   16   17   81  135   85   39   73   70   50  205   22  133
   10   36   19    1   14    2   23   17   26   14    9   41   12   46    8    0   21   30   24    5   94   75  114   83   10   25  208  183   45  118
   13    4   22    5   10    2   25    6   39   22    4    8   11   12   13   31    0   33   27   29   30   42  116   23   37   89  188   67   45   66
    3   35   22   13   19   11   35   16   26   29   12   45   10    5   14   38   18    0   15   20   50  130  124  130   55  130  249  161   15   92
   15    5    5    3    9   11   39    2   27    3   12   11    3    7    2   31   13   22    0    3   26   92   97   15   16   22  129   53   47  129
   13   15    8   12   17   10   16    2   11    3   10   45    3   33    4   19    3   19   13    0   55  132   88   55   59  122   66   84   22   94
    4   10    2    2    7    1   33   15   26   26    9   16    9   35    7   43    8   20   31   17    0   83  111   99   82   96  226  123   13  135
   15   15    4   16    2    2    8    4   21   20    3   41    3   46    3   33   21   19    9   26  164    0  106  113   13   70  172  131   47   22
   15   22    3   16    2    9   30    5   11   12   10    5    5   27   11   11    2   23   17   14   20  127    0   67   36   24   75  105   27  120
   17   10   12   15   19    3   29    5   39   13   16   31    3   15   12   26    7   21   13   15  115   28   36    0   68   73  183  125   45   39
   11   21   21    7   14    4    5    7   42   21   15   24    2   28   16   35    5    6   32   11   41   58   35   34    0   97  202   67   40   45
    5   22   17   15   16   11    4    9   31    4   17   44    3   39   12   30   17   23   21    9   92  119   54  123   18    0   44  195   23  147
   14   13    9   10   20    9   30   13   33   10   12   23   14   36   16   13    5   25   32   27  138   21   69   40   29   96    0  160   14   63
   15    7    8   13   15    8   38   10   23   18    4   22   13   23   12   17   13    5   25    5  169   70  108   50   42   21   71    0   28   37
   12   14   19    2   14    5   18   11   17    6   14    8    1   48    5   29   11    8   10   24  111   28  113   45   90  107  162  167    0  104
    4   26    5    8   12    6   10   12   23    5   12   47   12   23   14    6   15   15   20    3   48   45   81  100   29  119  101  140   32    0
	
	
	       0       1       2       3       4       5 	   1       2       3       4       5       6       2       3       4       5       6       7       3       4       5       6       7       8       4       5       6       7       8       9
	   1       0       1       2       3       4       2       1       2       3       4       5       3       2       3       4       5       6       4       3       4       5       6       7       5       4       5       6       7       8       
	   2       1       0       1       2       3       3       2       1       2       3       4       4       3       2       3       4       5       5       4       3       4       5       6       6       5       4       5       6       7
       3       2       1       0       1       2       4       3       2       1       2       3       5       4       3       2       3       4       6       5       4       3       4       5       7       6       5       4       5       6
       4       3       2       1       0       1       5       4       3       2       1       2       6       5       4       3       2       3       7       6       5       4       3       4       8       7       6       5       4       5
       5       4       3       2       1       0       6       5       4       3       2       1       7       6       5       4       3       2       8       7       6       5       4       3       9       8       7       6       5       4
       1       2       3       4       5       6       0       1       2       3       4       5       1       2       3       4       5       6       2       3       4       5       6       7
       3       4       5       6       7       8       2       1       2       3       4       5       1       0       1       
	   2       3       4       2       1       2       3       4       5       3       2       3       4       5       6
       4       3       4       5       6       7       3       2       1       2       3       4       2       1       0       
	   1       2       3       3       2       1       2       3       4       4       3       2       3       4       5
       5       4       3       4       5       6       4       3       2       1       2       3       3       2       1       
	   0       1       2       4       3       2       1       2       3       5       4       3       2       3       4
       6       5       4       3       4       5       5       4       3       2       1       2       4       3       2       
	   1       0       1       5       4       3       2       1       2       6       5       4       3       2       3
       7       6       5       4       3       4       6       5       4       3       2       1       5       4       3       
	   2       1       0       6       5       4       3       2       1       7       6       5       4       3       2       
	   8       7       6       5       4       3       2       3       4       5       6       7       1       2       3       
	   4       5       6       0       1       2       3       4       5       1       2       3       4       5       6
       2       3       4       5       6       7       3       2       3       4       5       6       2       1       2       
	   3       4       5       1       0       1       2       3       4       2       1       2       3       4       5
       3       2       3       4       5       6       4       3       2       3       4       5       3       2       1       
	   2       3       4
       2       1       0       1       2       3
       3       2       1       2       3       4
       4       3       2       3       4       5
       5       4       3       2       3       4
       4       3       2       1       2       3
       3       2       1       0       1       2
       4       3       2       1       2       3
       5       4       3       2       3       4
       6       5       4       3       2       3
       5       4       3       2       1       2
       4       3       2       1       0       1
       5       4       3       2       1       2
       6       5       4       3       2       3
       7       6       5       4       3       2
       6       5       4       3       2       1
       5       4       3       2       1       0
       6       5       4       3       2       1
       7       6       5       4       3       2
       3       4       5       6       7       8
       2       3       4       5       6       7
       1       2       3       4       5       6
       0       1       2       3       4       5
       1       2       3       4       5       6
       4       3       4       5       6       7
       3       2       3       4       5       6
       2       1       2       3       4       5
       1       0       1       2       3       4
       2       1       2       3       4       5
       5       4       3       4       5       6
       4       3       2       3       4       5
       3       2       1       2       3       4
       2       1       0       1       2       3
       3       2       1       2       3       4
       6       5       4       3       4       5
       5       4       3       2       3       4
       4       3       2       1       2       3
       3       2       1       0       1       2
       4       3       2       1       2       3
       7       6       5       4       3       4
       6       5       4       3       2       3
       5       4       3       2       1       2
       4       3       2       1       0       1
       5       4       3       2       1       2
       8       7       6       5       4       3
       7       6       5       4       3       2
       6       5       4       3       2       1
       5       4       3       2       1       0
       6       5       4       3       2       1
       4       5       6       7       8       9
       3       4       5       6       7       8
       2       3       4       5       6       7
       1       2       3       4       5       6
       0       1       2       3       4       5
       5       4       5       6       7       8
       4       3       4       5       6       7
       3       2       3       4       5       6
       2       1       2       3       4       5
       1       0       1       2       3       4
       6       5       4       5       6       7
       5       4       3       4       5       6
       4       3       2       3       4       5
       3       2       1       2       3       4
       2       1       0       1       2       3
       7       6       5       4       5       6
       6       5       4       3       4       5
       5       4       3       2       3       4
       4       3       2       1       2       3
       3       2       1       0       1       2
       8       7       6       5       4       5
       7       6       5       4       3       4
       6       5       4       3       2       3
       5       4       3       2       1       2
       4       3       2       1       0       1
       9       8       7       6       5       4
       8       7       6       5       4       3
       7       6       5       4       3       2
       6       5       4       3       2       1
       5       4       3       2       1       0