0   83   15   77   25  165  163   82   66   62   26   15   36   30   25   20    8   27   12   38   13   17   26   27   20   12   18   34   35   25
  146    0   18   89  134  114   31   55   39   15   10    9   41   23   23    4    4   17    2   28    7   35   21   25   19   21   11    4    9   31
  137  156    0   19   59   46   67   38   16   51   27   22    9   18   21   19   17   35   10   33    6   13    3   37   16   32   11   24    8   11
   55  174   39    0   73  134  147  137   30   46   17   10   30    7   26   12   11   26    4   28   36   24    3   26   19   29    3   33    5   18
   67   86   52   98    0   34  223   44   49   28    6   16   28   31   20   16    4   15   15   12   17   37    5   26   25   10   30   23    7   29
  125  162   32   19   59    0  148  118   87   43   11   16    6   22    3   22    8    8   17   38   18   31    5   33   14   19   11   27   20   13
  163   53   55   86   96   24    0   56   48   31   18    8   26   21   19   17    6    4    2   23   11   18   28    8   24   38   11    5   28   39
   91  129    7   95   41   74  106    0   55   31   28    2    9   24   19   23   11   21   19   16    9   28   22   13   10   16   13   12    5   14
  124  191    7   51  169   75   40   56    0   55   12    9   17   31    6   21   17   17   11   39   34   22    7    4    3   11   24   12   24    6
   87   32   51  142  164  112   43  114   37    0   25   14   38   34   26    8   16    8   10    4    9   13   14   10   13    5   30   26    3   40
   46  113   23   92  123   34  235  139   46   21    0    7   25   21   21   18    7   31    4   32    8    5   21   25   25   12    8   27   10   35
  158  109   47   65   41  187   67   90   84   18   12    0   10   35   21   19    8   33    6   23   20   40    5   35    6   32   23   30   11   17
  123   46   19   52   36  157  194   61   78   13   31   14    0    8   10   17   13   25   13   18   21   21   12   21    9    9    8    7   21   33
   28   99   30   81  174  137   62   70   21   38   12   13   19    0   23    3   18    7    6   27   11    6   11   35   24   34    6    4   17   31
   54   20   41  170   84   72   99  109   52    8    9   13   24   24    0   15   10   31   15    7   16   38   10   32   25   22   12   18    6   41
  154   68   20  135  183   55   93  115   31    9   10   20    6   20    5    0   10   25   13   19   15    6   13   16    6   20   30   10   22   38
   42  109    8   90   62   19  208   32   30   15   12    2   22   16    7   24    0   35    9   22    4   32    3   11   18   14    8   20   20   13
   36   88   39  134  154  141   83   66   89   48   11    2   45   22   16   11    4    0   12   35   21   31   16   28    9   25    4   10   21   19
   57  134   57  159  142  105  168  108   87   45   11    3   39   13   23   22    9   14    0   11   23    4    9   21   13   18   26   11   27   22
  127  126   11  139   95  170   38   43   79   48   27   14   16   27   15   26   14   35    2    0   27   11   24   33   21   11   23    7   19   20
   57  169   22  169   99  117  211  104   75   43    8   13   20   27    6   26   15    8    8   25    0   30   22   12    9   13   13   25   20   40
  101   94   52  123  180   31  164   87   33   12    6    8   32   25   24    5    8   22   15   40    5    0   23   40   10    5   13    4   35   18
   85  135   20  141  114  127  143   27   43   63    7   13   15   35   22    8    5   13   13   30   24   36    0   36   12   14   24   17   32   25
   61  109   52   25  125   74  192   80   28   24   24   13   22    6    5   16   16   23    3   37   27   32    6    0    8   32   13   32   24   34
  126  118   21   38   54  102   86   70   40   43   27    9   45    7   20   28   12   33    4   22    7   16   20   19    0   26    5   33   15    7
  163   33   17   63  166  103  192   49   56   57   16    4   40   35    3   26   11   30   15   26   27   15   27   12   28    0   25   23   28   24
   55  119   31  148   89  151  203   58   72    7   11   20   17   10   14    8   10   23   16   18   15   25   22   13   21   35    0   21   24    5
  157   23   23  103  141   28  170   24   68   51   12   22   31   13   25   26    2   17    2   32   23   40   28   12   28    4    4    0   14   35
  125  115   43   90   59   43  141   98   12   36   13   17   36   10   11   22    6   38   15   22   33   17   17   29    6   16   29   31    0   32
   75  138   55  107   99  164  212   34   34   20   28   23   14   13   21   12   15   37    8   23    6   31    8   31    6   24   25   11   12    0
   
   
          0       1       2       3       4       5 	   1       2       3       4       5       6       2       3       4       5       6       7       3       4       5       6       7       8       4       5       6       7       8       9
	   1       0       1       2       3       4       2       1       2       3       4       5       3       2       3       4       5       6       4       3       4       5       6       7       5       4       5       6       7       8       
	   2       1       0       1       2       3       3       2       1       2       3       4       4       3       2       3       4       5       5       4       3       4       5       6       6       5       4       5       6       7
       3       2       1       0       1       2       4       3       2       1       2       3       5       4       3       2       3       4       6       5       4       3       4       5       7       6       5       4       5       6
       4       3       2       1       0       1       5       4       3       2       1       2       6       5       4       3       2       3       7       6       5       4       3       4       8       7       6       5       4       5
       5       4       3       2       1       0       6       5       4       3       2       1       7       6       5       4       3       2       8       7       6       5       4       3       9       8       7       6       5       4
       1       2       3       4       5       6       0       1       2       3       4       5       1       2       3       4       5       6       2       3       4       5       6       7
       3       4       5       6       7       8       2       1       2       3       4       5       1       0       1       
	   2       3       4       2       1       2       3       4       5       3       2       3       4       5       6
       4       3       4       5       6       7       3       2       1       2       3       4       2       1       0       
	   1       2       3       3       2       1       2       3       4       4       3       2       3       4       5
       5       4       3       4       5       6       4       3       2       1       2       3       3       2       1       
	   0       1       2       4       3       2       1       2       3       5       4       3       2       3       4
       6       5       4       3       4       5       5       4       3       2       1       2       4       3       2       
	   1       0       1       5       4       3       2       1       2       6       5       4       3       2       3
       7       6       5       4       3       4       6       5       4       3       2       1       5       4       3       
	   2       1       0       6       5       4       3       2       1       7       6       5       4       3       2       
	   8       7       6       5       4       3       2       3       4       5       6       7       1       2       3       
	   4       5       6       0       1       2       3       4       5       1       2       3       4       5       6
       2       3       4       5       6       7       3       2       3       4       5       6       2       1       2       
	   3       4       5       1       0       1       2       3       4       2       1       2       3       4       5
       3       2       3       4       5       6       4       3       2       3       4       5       3       2       1       
	   2       3       4
       2       1       0       1       2       3
       3       2       1       2       3       4
       4       3       2       3       4       5
       5       4       3       2       3       4
       4       3       2       1       2       3
       3       2       1       0       1       2
       4       3       2       1       2       3
       5       4       3       2       3       4
       6       5       4       3       2       3
       5       4       3       2       1       2
       4       3       2       1       0       1
       5       4       3       2       1       2
       6       5       4       3       2       3
       7       6       5       4       3       2
       6       5       4       3       2       1
       5       4       3       2       1       0
       6       5       4       3       2       1
       7       6       5       4       3       2
       3       4       5       6       7       8
       2       3       4       5       6       7
       1       2       3       4       5       6
       0       1       2       3       4       5
       1       2       3       4       5       6
       4       3       4       5       6       7
       3       2       3       4       5       6
       2       1       2       3       4       5
       1       0       1       2       3       4
       2       1       2       3       4       5
       5       4       3       4       5       6
       4       3       2       3       4       5
       3       2       1       2       3       4
       2       1       0       1       2       3
       3       2       1       2       3       4
       6       5       4       3       4       5
       5       4       3       2       3       4
       4       3       2       1       2       3
       3       2       1       0       1       2
       4       3       2       1       2       3
       7       6       5       4       3       4
       6       5       4       3       2       3
       5       4       3       2       1       2
       4       3       2       1       0       1
       5       4       3       2       1       2
       8       7       6       5       4       3
       7       6       5       4       3       2
       6       5       4       3       2       1
       5       4       3       2       1       0
       6       5       4       3       2       1
       4       5       6       7       8       9
       3       4       5       6       7       8
       2       3       4       5       6       7
       1       2       3       4       5       6
       0       1       2       3       4       5
       5       4       5       6       7       8
       4       3       4       5       6       7
       3       2       3       4       5       6
       2       1       2       3       4       5
       1       0       1       2       3       4
       6       5       4       5       6       7
       5       4       3       4       5       6
       4       3       2       3       4       5
       3       2       1       2       3       4
       2       1       0       1       2       3
       7       6       5       4       5       6
       6       5       4       3       4       5
       5       4       3       2       3       4
       4       3       2       1       2       3
       3       2       1       0       1       2
       8       7       6       5       4       5
       7       6       5       4       3       4
       6       5       4       3       2       3
       5       4       3       2       1       2
       4       3       2       1       0       1
       9       8       7       6       5       4
       8       7       6       5       4       3
       7       6       5       4       3       2
       6       5       4       3       2       1
       5       4       3       2       1       0