0  190   24   32   53  223   48   33   34  157   34   16   30   15    7   15    7   18   20   39   25   13   39   30    3   29   18   15    3   45
  103    0   19   57   45  158  120  109   62  224    6    9   11    6   54   16   20   22   16    9   28   14   24   13    9   38   24   13    8    7
   93  135    0   15   16  107   64   29   17  224   13   27   39   24   44    3   18   26   22   20    9   18   36   25   19   28   43   20    7   11
   19  207   26    0   26  120  159   30   18   75   21   22   25   21   43   11   17   26   11    6   22    3   43    8   22    7   41   22    4   40
   65  133   53   27    0   43  123   24   57  144   22   29   11   19   25    6   11    7    7   11   12    5   29   14    6   19   23    5    9   36
   29  106   51   38   22    0  145  101   16   65   28    3   41   25   16   11   11   14    6    9    6    7   10    6    6   40   47   12   12   55
   86  107   72   48   62   73    0   68   54  146    7   29   23   16   29   17   14   27   25   11   27   16   27   13   26   34    6   21   13   30
   34  208   99   40   12  171  159    0   25   58   14   11    7   23   26   18    3   16   15    9   11   21   21    7   26   24   37   18    8   55
   63   67   72   53   59  232  140   22    0   35    5   17   20   28    5   18    3    8   22   20   15   16   44   21   19   13   28   17    6    9
   68  199  101   17   21  116   48   82    9    0   18   10   40   31   11   10   22   21   20    7    9    9   42   26   16   10    6    9   12   42
   36   72   75   22   60  216  203   54   57  133    0   22    4    8   31    7   19   19   11   19    8    6   17   24    3   37   15    4   15   13
  102   43   96   47   40  244   26  102   47  230   31    0   33   32    8   11   10   12   15   20    9   16   48   16   14   20   14   23   15   27
   91  216   38   49   24   69   32   68   10  205   26   26    0   25   46    7   15   27   13    9   24   18   22   21    9   23   39    8   17   21
  136  218   54   32   31  124  114  102   40   88   15   13    7    0   13   13    2   23   27   25   15   21   13   14    4   40   11   18   16   56
   37  136   23   27   45  173   62   29   12  161   10   24   23   31    0    7    7   22   15   12   28    7   37   17   10   11   33   14    4   19
  104  146   14   40   36   83  131   52   65  155   13    9   19   13   47    0    6   14   24   15   14   21   39   27   24   19   38    3    2   14
   46  115   66   58   43  176  160   22   49  147    4    6   12    9    8    5    0   33   19   31   14    3   37    3   12   13   29   20    8   31
   67   73  102   46   52  140   97   95   18  138   11   11    5    4   53   18   18    0   23   43   12    2   45   10   16   37   26   23   10   11
   55  167   24    6   47  276  108   17   65  207   33   27   23   17   47    8    2   12    0   24   24   14   22    4   17   22   42    2   12   39
  106   69   26   48   21  160  138   78   18   43    9   28   31   23   18    7    8   21    3    0   24   10   27   25   15   41   35    9   14   10
  127  114   61   40   48   89  180   45   21  157   23   25   31   20   10   17   14    6   19   17    0    9   33   25   13   25   24    5    2   15
  108  149   70   25   48   68  164   39   15  165    6   23   37    9    7    1   14    6    7   27   27    0   42   23    4    9   17   21    6   41
   33   64   37   35   56  214   67   49   21   82   34   10   25    6   28    4   16    8   23   41    3   10    0   28    9   31   19   17   10   34
  101  195   26   28   40  125  100   23   59   75   19    4   27   25   24    3   10    5   15   29   11    7   22    0   16   18   20    5    7   38
   97  125   68   43   32  200  188   19   53  164   37    7   40   20   20    5   10   31   25   22   20    8   14   20    0   19   47   13   16   54
   93   34   88   18   36  119   75   97   18  123   16   28    8   28   30    9   10   34   22   13    5   21   17   30   20    0   33   23    6   21
  125   37   55   31   25   30  110   18   10   81   17   28    9   19   29    8   18   20   26   14   27    6   28   29   21   26    0    3   11    8
   21   61   51    9   30  206   47  117   40  100   17   15   40   11   17    9   15   10    7    8   16   10   13   29   24   42   11    0   17   53
   95  121   66   20   20  250  112   59   43  129   34   30   29    8    8   18   15   12    8   19   22   16   47   15    8   11    7   13    0   51
   50  229   57   32   15   85   47   39   62  237   26   22   28   22   27    9   18   24   16   46    5   16   17   29   13   24   33   16    2    0
   
   
          0       1       2       3       4       5 	   1       2       3       4       5       6       2       3       4       5       6       7       3       4       5       6       7       8       4       5       6       7       8       9
	   1       0       1       2       3       4       2       1       2       3       4       5       3       2       3       4       5       6       4       3       4       5       6       7       5       4       5       6       7       8       
	   2       1       0       1       2       3       3       2       1       2       3       4       4       3       2       3       4       5       5       4       3       4       5       6       6       5       4       5       6       7
       3       2       1       0       1       2       4       3       2       1       2       3       5       4       3       2       3       4       6       5       4       3       4       5       7       6       5       4       5       6
       4       3       2       1       0       1       5       4       3       2       1       2       6       5       4       3       2       3       7       6       5       4       3       4       8       7       6       5       4       5
       5       4       3       2       1       0       6       5       4       3       2       1       7       6       5       4       3       2       8       7       6       5       4       3       9       8       7       6       5       4
       1       2       3       4       5       6       0       1       2       3       4       5       1       2       3       4       5       6       2       3       4       5       6       7
       3       4       5       6       7       8       2       1       2       3       4       5       1       0       1       
	   2       3       4       2       1       2       3       4       5       3       2       3       4       5       6
       4       3       4       5       6       7       3       2       1       2       3       4       2       1       0       
	   1       2       3       3       2       1       2       3       4       4       3       2       3       4       5
       5       4       3       4       5       6       4       3       2       1       2       3       3       2       1       
	   0       1       2       4       3       2       1       2       3       5       4       3       2       3       4
       6       5       4       3       4       5       5       4       3       2       1       2       4       3       2       
	   1       0       1       5       4       3       2       1       2       6       5       4       3       2       3
       7       6       5       4       3       4       6       5       4       3       2       1       5       4       3       
	   2       1       0       6       5       4       3       2       1       7       6       5       4       3       2       
	   8       7       6       5       4       3       2       3       4       5       6       7       1       2       3       
	   4       5       6       0       1       2       3       4       5       1       2       3       4       5       6
       2       3       4       5       6       7       3       2       3       4       5       6       2       1       2       
	   3       4       5       1       0       1       2       3       4       2       1       2       3       4       5
       3       2       3       4       5       6       4       3       2       3       4       5       3       2       1       
	   2       3       4
       2       1       0       1       2       3
       3       2       1       2       3       4
       4       3       2       3       4       5
       5       4       3       2       3       4
       4       3       2       1       2       3
       3       2       1       0       1       2
       4       3       2       1       2       3
       5       4       3       2       3       4
       6       5       4       3       2       3
       5       4       3       2       1       2
       4       3       2       1       0       1
       5       4       3       2       1       2
       6       5       4       3       2       3
       7       6       5       4       3       2
       6       5       4       3       2       1
       5       4       3       2       1       0
       6       5       4       3       2       1
       7       6       5       4       3       2
       3       4       5       6       7       8
       2       3       4       5       6       7
       1       2       3       4       5       6
       0       1       2       3       4       5
       1       2       3       4       5       6
       4       3       4       5       6       7
       3       2       3       4       5       6
       2       1       2       3       4       5
       1       0       1       2       3       4
       2       1       2       3       4       5
       5       4       3       4       5       6
       4       3       2       3       4       5
       3       2       1       2       3       4
       2       1       0       1       2       3
       3       2       1       2       3       4
       6       5       4       3       4       5
       5       4       3       2       3       4
       4       3       2       1       2       3
       3       2       1       0       1       2
       4       3       2       1       2       3
       7       6       5       4       3       4
       6       5       4       3       2       3
       5       4       3       2       1       2
       4       3       2       1       0       1
       5       4       3       2       1       2
       8       7       6       5       4       3
       7       6       5       4       3       2
       6       5       4       3       2       1
       5       4       3       2       1       0
       6       5       4       3       2       1
       4       5       6       7       8       9
       3       4       5       6       7       8
       2       3       4       5       6       7
       1       2       3       4       5       6
       0       1       2       3       4       5
       5       4       5       6       7       8
       4       3       4       5       6       7
       3       2       3       4       5       6
       2       1       2       3       4       5
       1       0       1       2       3       4
       6       5       4       5       6       7
       5       4       3       4       5       6
       4       3       2       3       4       5
       3       2       1       2       3       4
       2       1       0       1       2       3
       7       6       5       4       5       6
       6       5       4       3       4       5
       5       4       3       2       3       4
       4       3       2       1       2       3
       3       2       1       0       1       2
       8       7       6       5       4       5
       7       6       5       4       3       4
       6       5       4       3       2       3
       5       4       3       2       1       2
       4       3       2       1       0       1
       9       8       7       6       5       4
       8       7       6       5       4       3
       7       6       5       4       3       2
       6       5       4       3       2       1
       5       4       3       2       1       0