0    6   20    2   19    7   34   43    3   48   34   48   45   62  165   40  110   45  143  217   20   23   22   23   10   34    4   17    3   11
   12    0   25   10   12    4   38   25   11   22   16  126   45   74  223   22  110  109   52  162   12    6    6    3    9   16   28   16    9   23
    8    1    0   11   15    8   42   19   12   36   50   54   16   58   80   51   53  206  162  175   10   14   30   12    9   39   11   26    6   16
    9   10   11    0   10    5   47   34    9   20   20  142   43   95   53   32   64  161  181  206   19   15   50   28    3   36   24   13   11    3
   10    3    6   11    0    5   40   24    9   15   46   44   21   90  219   14   91   71   29  211   39   17   11    9   11   27   28    6    9    6
   11    6   16   17    2    0   21   34   23   45   16  142   18   34  112   56   59   79   20   34   25   11    9    5   11   42   10   19    4   24
    8    7   19   14   15    6    0   48    6   37   12   28   26   49   72   29   54  215  162  117   39   12   24    6    2    9   13   11   11    6
    7    6    3    9   18   14   11    0    3   32   14   15   45   81  195   47   63  175  157  165   21    9    8   21    6    8    8   24    9    9
   13    1    7   11   19   10   28   10    0   12   11   96   11   28  139   49   55  133  171   79   31   18   13    6    5   28    5   15    4   25
    7    1   24   22    7    3   28   13    6    0   48  141   11  198   65   49   55  214  115  169   15   27   34   25    1   14   20   17   16    3
    6    6   16   12   18    2   45    6   18   37    0   98   41  140   82   48   71   85   99  191   25   21   24   25    4   27    4   22    7   23
   12    8   26   15    5    7   20   10   13   33   12    0   57  194  123   46   46  145   77  114    4   12   31   17    4   25   11    6    5   21
    8    9    6    4    9    9   22   24   11   12   15   92    0   37  230    9   82   47  117  202   26   27   32   12    3    9   23   16    5   15
    9    8   25   21    9    6   36   37    9   22   12  153   30    0  208   56   91   94  142   90    4    6   43   28   10   11    3   14   16    9
    6    4   18    7   17    8    6   21   13   59   41  141   45  165    0   53   84   37  104  172   28    5   41   15    2   19   13   21   19   17
    6    2   19    8   19   11   30    5    6   59    5  110   28  127  135    0   13  261  185  131    8   23   21    8   10   35   12   12    5   14
    2    6    8   11   15    5    7   47    6   13   39  157   26   72  183   18    0  254   63   32   23   21   11    7    9    9   11    7    8    6
   12    2    6   22   12    6   34   21    7    9   45   25   68   38  229   11  105    0  141  226   22    4   30    6    5   14   20   26    6   20
   10    9    7   16   18    9   26    6    9    7   38   49   17   67  229   16  116  195    0  128   33    5   28   22    8   15   16    4   11    6
   12    9   18   23    2   13   46   25    4   39   40  129   65  171   70   25   13   29   53    0   29    8   23   26    9    8    8   13    4   15
   12    8   28    8   15   12   23   15   23   21   37   52   41  129  219   56   68   60   93  125    0   25   15   29    7   21   14   11   18    9
    8   10   27    6   14    1   29   45    9   11    7  127   13  105   76   23   85  179  131  217   12    0   20    6    7   28   24   10    4    8
    2   10   21    8   19    7   35   26   13   25   28  128   13  140  177   14   57  148   72  162   14    3    0   13   10    6   10   23   10   17
    2    3   19   20   18   10   44    8   22   33   46  131   10   77   62   19  113   57   99  122    4   24   50    0    2    9   17   10   16   10
    9    7    5   16   16    1   36   52   21   29   45   33   33  151   50   36   89  127   76  113   32    5   19   19    0   33   27   17    3   23
   12    4   25    9    3    3   15    7   23   40   17  131   51  140  173   37   79   66  164  206   21   23   38    8    9    0   26   15    3   12
   13    7   16    7   15    9    6   35   11   10   17   74    7  159   93   37   43  156   81  163   26   20   40   18   10    4    0    7   17   20
   12    7   18   22   11    9    8   33   11   14   10   27   46   87  188   18   18  202  154  168   14    5    9    8    2   31   14    0    4   21
   11    3    9    7   13    4   24   36    2   32   34   65   36   43  198   51   62   50  102  145   30   26   48   16   10   19   25   22    0    6
   12    8    9    6    4   15   21   37   11    6   20   41   38   21   35   13   49  245   66   36    9   12   24   16    8   30   13    8    6    0
   
   
          0       1       2       3       4       5 	   1       2       3       4       5       6       2       3       4       5       6       7       3       4       5       6       7       8       4       5       6       7       8       9
	   1       0       1       2       3       4       2       1       2       3       4       5       3       2       3       4       5       6       4       3       4       5       6       7       5       4       5       6       7       8       
	   2       1       0       1       2       3       3       2       1       2       3       4       4       3       2       3       4       5       5       4       3       4       5       6       6       5       4       5       6       7
       3       2       1       0       1       2       4       3       2       1       2       3       5       4       3       2       3       4       6       5       4       3       4       5       7       6       5       4       5       6
       4       3       2       1       0       1       5       4       3       2       1       2       6       5       4       3       2       3       7       6       5       4       3       4       8       7       6       5       4       5
       5       4       3       2       1       0       6       5       4       3       2       1       7       6       5       4       3       2       8       7       6       5       4       3       9       8       7       6       5       4
       1       2       3       4       5       6       0       1       2       3       4       5       1       2       3       4       5       6       2       3       4       5       6       7
       3       4       5       6       7       8       2       1       2       3       4       5       1       0       1       
	   2       3       4       2       1       2       3       4       5       3       2       3       4       5       6
       4       3       4       5       6       7       3       2       1       2       3       4       2       1       0       
	   1       2       3       3       2       1       2       3       4       4       3       2       3       4       5
       5       4       3       4       5       6       4       3       2       1       2       3       3       2       1       
	   0       1       2       4       3       2       1       2       3       5       4       3       2       3       4
       6       5       4       3       4       5       5       4       3       2       1       2       4       3       2       
	   1       0       1       5       4       3       2       1       2       6       5       4       3       2       3
       7       6       5       4       3       4       6       5       4       3       2       1       5       4       3       
	   2       1       0       6       5       4       3       2       1       7       6       5       4       3       2       
	   8       7       6       5       4       3       2       3       4       5       6       7       1       2       3       
	   4       5       6       0       1       2       3       4       5       1       2       3       4       5       6
       2       3       4       5       6       7       3       2       3       4       5       6       2       1       2       
	   3       4       5       1       0       1       2       3       4       2       1       2       3       4       5
       3       2       3       4       5       6       4       3       2       3       4       5       3       2       1       
	   2       3       4
       2       1       0       1       2       3
       3       2       1       2       3       4
       4       3       2       3       4       5
       5       4       3       2       3       4
       4       3       2       1       2       3
       3       2       1       0       1       2
       4       3       2       1       2       3
       5       4       3       2       3       4
       6       5       4       3       2       3
       5       4       3       2       1       2
       4       3       2       1       0       1
       5       4       3       2       1       2
       6       5       4       3       2       3
       7       6       5       4       3       2
       6       5       4       3       2       1
       5       4       3       2       1       0
       6       5       4       3       2       1
       7       6       5       4       3       2
       3       4       5       6       7       8
       2       3       4       5       6       7
       1       2       3       4       5       6
       0       1       2       3       4       5
       1       2       3       4       5       6
       4       3       4       5       6       7
       3       2       3       4       5       6
       2       1       2       3       4       5
       1       0       1       2       3       4
       2       1       2       3       4       5
       5       4       3       4       5       6
       4       3       2       3       4       5
       3       2       1       2       3       4
       2       1       0       1       2       3
       3       2       1       2       3       4
       6       5       4       3       4       5
       5       4       3       2       3       4
       4       3       2       1       2       3
       3       2       1       0       1       2
       4       3       2       1       2       3
       7       6       5       4       3       4
       6       5       4       3       2       3
       5       4       3       2       1       2
       4       3       2       1       0       1
       5       4       3       2       1       2
       8       7       6       5       4       3
       7       6       5       4       3       2
       6       5       4       3       2       1
       5       4       3       2       1       0
       6       5       4       3       2       1
       4       5       6       7       8       9
       3       4       5       6       7       8
       2       3       4       5       6       7
       1       2       3       4       5       6
       0       1       2       3       4       5
       5       4       5       6       7       8
       4       3       4       5       6       7
       3       2       3       4       5       6
       2       1       2       3       4       5
       1       0       1       2       3       4
       6       5       4       5       6       7
       5       4       3       4       5       6
       4       3       2       3       4       5
       3       2       1       2       3       4
       2       1       0       1       2       3
       7       6       5       4       5       6
       6       5       4       3       4       5
       5       4       3       2       3       4
       4       3       2       1       2       3
       3       2       1       0       1       2
       8       7       6       5       4       5
       7       6       5       4       3       4
       6       5       4       3       2       3
       5       4       3       2       1       2
       4       3       2       1       0       1
       9       8       7       6       5       4
       8       7       6       5       4       3
       7       6       5       4       3       2
       6       5       4       3       2       1
       5       4       3       2       1       0